1	1	1.0
1	2	0.0
1	3	0.0
1	4	0.0
1	5	0.0
1	6	0.0
1	7	0.0
1	8	0.0
1	9	0.0
1	10	0.3
1	11	0.3
1	12	0.3
1	13	0.3
1	14	0.3
1	15	0.0
1	16	0.2
1	17	0.0
1	18	0.0
1	19	0.0
1	20	0.0
1	21	0.0
1	22	0.4
1	23	0.0
1	24	0.0
1	25	0.0
1	26	0.0
1	27	0.0
1	28	0.0
1	29	0.0
1	30	0.0
1	31	0.0
1	32	0.0
1	33	0.1
1	34	0.0
1	35	0.0
1	36	0.0
1	37	0.0
1	38	0.0
1	39	0.4
1	40	0.4
1	41	0.166666666667
1	42	0.0
1	43	0.0
1	44	0.0
1	45	0.0
1	46	0.0
1	47	0.0
1	48	0.0
1	49	0.0
1	50	0.1
1	51	0.1
1	52	0.0
1	53	0.333333333333
1	54	0.0
1	55	0.1
1	56	0.1
1	57	0.1
1	58	0.0
1	59	0.0
1	60	0.0
1	61	0.0
1	62	0.0
1	63	0
1	64	0
1	65	0
1	66	0
2	1	0.0
2	2	1.0
2	3	1.0
2	4	1.0
2	5	0.0
2	6	0.0
2	7	0.0
2	8	0.0
2	9	0.0
2	10	0.166666666667
2	11	0.166666666667
2	12	0.166666666667
2	13	0.166666666667
2	14	0.166666666667
2	15	0.0
2	16	0.0
2	17	0.0
2	18	0.0
2	19	0.0
2	20	0.0
2	21	0.0
2	22	0.0
2	23	0.0
2	24	0.0
2	25	0.0
2	26	0.166666666667
2	27	0.0
2	28	0.166666666667
2	29	0.166666666667
2	30	0.166666666667
2	31	0.0
2	32	0.166666666667
2	33	0.0
2	34	0.0
2	35	0.0
2	36	0.0
2	37	0.0
2	38	0.0
2	39	0.0
2	40	0.0
2	41	0.0
2	42	0.0
2	43	0.0
2	44	0.0
2	45	0.0
2	46	0.0
2	47	0.0
2	48	0.0
2	49	0.0
2	50	0.0
2	51	0.0
2	52	0.0
2	53	0.0
2	54	0.0
2	55	0.0
2	56	0.0
2	57	0.0
2	58	0.0
2	59	0.0
2	60	0.0
2	61	0.0
2	62	0.0
2	63	0
2	64	0
2	65	0
2	66	0
3	1	0.0
3	2	1.0
3	3	1.0
3	4	1.0
3	5	0.0
3	6	0.0
3	7	0.0
3	8	0.0
3	9	0.0
3	10	0.166666666667
3	11	0.166666666667
3	12	0.166666666667
3	13	0.166666666667
3	14	0.166666666667
3	15	0.0
3	16	0.0
3	17	0.0
3	18	0.0
3	19	0.0
3	20	0.0
3	21	0.0
3	22	0.0
3	23	0.0
3	24	0.0
3	25	0.0
3	26	0.166666666667
3	27	0.0
3	28	0.166666666667
3	29	0.166666666667
3	30	0.166666666667
3	31	0.0
3	32	0.166666666667
3	33	0.0
3	34	0.0
3	35	0.0
3	36	0.0
3	37	0.0
3	38	0.0
3	39	0.0
3	40	0.0
3	41	0.0
3	42	0.0
3	43	0.0
3	44	0.0
3	45	0.0
3	46	0.0
3	47	0.0
3	48	0.0
3	49	0.0
3	50	0.0
3	51	0.0
3	52	0.0
3	53	0.0
3	54	0.0
3	55	0.0
3	56	0.0
3	57	0.0
3	58	0.0
3	59	0.0
3	60	0.0
3	61	0.0
3	62	0.0
3	63	0
3	64	0
3	65	0
3	66	0
4	1	0.0
4	2	1.0
4	3	1.0
4	4	1.0
4	5	0.0
4	6	0.0
4	7	0.0
4	8	0.0
4	9	0.0
4	10	0.166666666667
4	11	0.166666666667
4	12	0.166666666667
4	13	0.166666666667
4	14	0.166666666667
4	15	0.0
4	16	0.0
4	17	0.0
4	18	0.0
4	19	0.0
4	20	0.0
4	21	0.0
4	22	0.0
4	23	0.0
4	24	0.0
4	25	0.0
4	26	0.166666666667
4	27	0.0
4	28	0.166666666667
4	29	0.166666666667
4	30	0.166666666667
4	31	0.0
4	32	0.166666666667
4	33	0.0
4	34	0.0
4	35	0.0
4	36	0.0
4	37	0.0
4	38	0.0
4	39	0.0
4	40	0.0
4	41	0.0
4	42	0.0
4	43	0.0
4	44	0.0
4	45	0.0
4	46	0.0
4	47	0.0
4	48	0.0
4	49	0.0
4	50	0.0
4	51	0.0
4	52	0.0
4	53	0.0
4	54	0.0
4	55	0.0
4	56	0.0
4	57	0.0
4	58	0.0
4	59	0.0
4	60	0.0
4	61	0.0
4	62	0.0
4	63	0
4	64	0
4	65	0
4	66	0
5	1	0.0
5	2	0.0
5	3	0.0
5	4	0.0
5	5	1.0
5	6	1.0
5	7	1.0
5	8	0.0
5	9	0.0
5	10	0.0729166666667
5	11	0.0729166666667
5	12	0.0729166666667
5	13	0.0729166666667
5	14	0.0729166666667
5	15	0.183098591549
5	16	0.0
5	17	0.0
5	18	0.0444444444444
5	19	0.0444444444444
5	20	0.0
5	21	0.0
5	22	0.02
5	23	0.0
5	24	0.125
5	25	0.0744680851064
5	26	0.0520833333333
5	27	0.0444444444444
5	28	0.0520833333333
5	29	0.0520833333333
5	30	0.0520833333333
5	31	0.0
5	32	0.0520833333333
5	33	0.0
5	34	1.0
5	35	0.0681818181818
5	36	1.0
5	37	0.0
5	38	0.0444444444444
5	39	0.02
5	40	0.02
5	41	0.0
5	42	0.0
5	43	0.0
5	44	0.0
5	45	0.0444444444444
5	46	0.0
5	47	0.0
5	48	0.0416666666667
5	49	0.0444444444444
5	50	0.0
5	51	0.0
5	52	0.0
5	53	0.0
5	54	0.0
5	55	0.0
5	56	0.0
5	57	0.0
5	58	0.0491803278689
5	59	0.0
5	60	0.0444444444444
5	61	0.0
5	62	0.0
5	63	0
5	64	0
5	65	0
5	66	0
6	1	0.0
6	2	0.0
6	3	0.0
6	4	0.0
6	5	1.0
6	6	1.0
6	7	1.0
6	8	0.0
6	9	0.0
6	10	0.0729166666667
6	11	0.0729166666667
6	12	0.0729166666667
6	13	0.0729166666667
6	14	0.0729166666667
6	15	0.183098591549
6	16	0.0
6	17	0.0
6	18	0.0444444444444
6	19	0.0444444444444
6	20	0.0
6	21	0.0
6	22	0.02
6	23	0.0
6	24	0.125
6	25	0.0744680851064
6	26	0.0520833333333
6	27	0.0444444444444
6	28	0.0520833333333
6	29	0.0520833333333
6	30	0.0520833333333
6	31	0.0
6	32	0.0520833333333
6	33	0.0
6	34	1.0
6	35	0.0681818181818
6	36	1.0
6	37	0.0
6	38	0.0444444444444
6	39	0.02
6	40	0.02
6	41	0.0
6	42	0.0
6	43	0.0
6	44	0.0
6	45	0.0444444444444
6	46	0.0
6	47	0.0
6	48	0.0416666666667
6	49	0.0444444444444
6	50	0.0
6	51	0.0
6	52	0.0
6	53	0.0
6	54	0.0
6	55	0.0
6	56	0.0
6	57	0.0
6	58	0.0491803278689
6	59	0.0
6	60	0.0444444444444
6	61	0.0
6	62	0.0
6	63	0
6	64	0
6	65	0
6	66	0
7	1	0.0
7	2	0.0
7	3	0.0
7	4	0.0
7	5	1.0
7	6	1.0
7	7	1.0
7	8	0.0
7	9	0.0
7	10	0.0729166666667
7	11	0.0729166666667
7	12	0.0729166666667
7	13	0.0729166666667
7	14	0.0729166666667
7	15	0.183098591549
7	16	0.0
7	17	0.0
7	18	0.0444444444444
7	19	0.0444444444444
7	20	0.0
7	21	0.0
7	22	0.02
7	23	0.0
7	24	0.125
7	25	0.0744680851064
7	26	0.0520833333333
7	27	0.0444444444444
7	28	0.0520833333333
7	29	0.0520833333333
7	30	0.0520833333333
7	31	0.0
7	32	0.0520833333333
7	33	0.0
7	34	1.0
7	35	0.0681818181818
7	36	1.0
7	37	0.0
7	38	0.0444444444444
7	39	0.02
7	40	0.02
7	41	0.0
7	42	0.0
7	43	0.0
7	44	0.0
7	45	0.0444444444444
7	46	0.0
7	47	0.0
7	48	0.0416666666667
7	49	0.0444444444444
7	50	0.0
7	51	0.0
7	52	0.0
7	53	0.0
7	54	0.0
7	55	0.0
7	56	0.0
7	57	0.0
7	58	0.0491803278689
7	59	0.0
7	60	0.0444444444444
7	61	0.0
7	62	0.0
7	63	0
7	64	0
7	65	0
7	66	0
8	1	0.0
8	2	0.0
8	3	0.0
8	4	0.0
8	5	0.0
8	6	0.0
8	7	0.0
8	8	1.0
8	9	0.0
8	10	0.0
8	11	0.0
8	12	0.0
8	13	0.0
8	14	0.0
8	15	0.0
8	16	0.0
8	17	0.0
8	18	0.0
8	19	0.0
8	20	0.0
8	21	1.0
8	22	0.0
8	23	0.0
8	24	0.0
8	25	0.0
8	26	0.0
8	27	0.0
8	28	0.0
8	29	0.0
8	30	0.0
8	31	0.0
8	32	0.0
8	33	0.0
8	34	0.0
8	35	0.0
8	36	0.0
8	37	0.0
8	38	0.0
8	39	0.0
8	40	0.0
8	41	0.0
8	42	1.0
8	43	0.0
8	44	1.0
8	45	0.0
8	46	0.0
8	47	0.0
8	48	0.0
8	49	0.0
8	50	0.0
8	51	0.0
8	52	0.0
8	53	0.0
8	54	0.0
8	55	0.0
8	56	0.0
8	57	0.0
8	58	0.0
8	59	0.0
8	60	0.0
8	61	0.0
8	62	0.0
8	63	0
8	64	0
8	65	0
8	66	0
9	1	0.0
9	2	0.0
9	3	0.0
9	4	0.0
9	5	0.0
9	6	0.0
9	7	0.0
9	8	0.0
9	9	1.0
9	10	0.25
9	11	0.25
9	12	0.25
9	13	0.25
9	14	0.25
9	15	0.0
9	16	0.0
9	17	0.0
9	18	0.0
9	19	0.0
9	20	0.0
9	21	0.0
9	22	0.0
9	23	0.0
9	24	0.0
9	25	0.0
9	26	0.25
9	27	0.0
9	28	0.25
9	29	0.25
9	30	0.25
9	31	0.0
9	32	0.25
9	33	0.0
9	34	0.0
9	35	0.0
9	36	0.0
9	37	0.0
9	38	0.0
9	39	0.0
9	40	0.0
9	41	0.0
9	42	0.0
9	43	0.0
9	44	0.0
9	45	0.0
9	46	0.0
9	47	0.0
9	48	0.25
9	49	0.0
9	50	0.0
9	51	0.0
9	52	0.25
9	53	0.0
9	54	0.0
9	55	0.0
9	56	0.0
9	57	0.0
9	58	0.0
9	59	0.0
9	60	0.0
9	61	0.0
9	62	0.0
9	63	0
9	64	0
9	65	0
9	66	0
10	1	0.3
10	2	0.166666666667
10	3	0.166666666667
10	4	0.166666666667
10	5	0.0729166666667
10	6	0.0729166666667
10	7	0.0729166666667
10	8	0.0
10	9	0.25
10	10	1.0
10	11	1.0
10	12	1.0
10	13	1.0
10	14	1.0
10	15	0.0845070422535
10	16	0.260869565217
10	17	0.5
10	18	0.377777777778
10	19	0.377777777778
10	20	0.0
10	21	0.0
10	22	0.4
10	23	0.0
10	24	0.0625
10	25	0.265957446809
10	26	0.262886597938
10	27	0.377777777778
10	28	0.262886597938
10	29	0.262886597938
10	30	0.262886597938
10	31	0.5
10	32	0.262886597938
10	33	0.466666666667
10	34	0.0729166666667
10	35	0.5
10	36	0.0729166666667
10	37	0.0
10	38	0.377777777778
10	39	0.4
10	40	0.4
10	41	0.666666666667
10	42	0.0
10	43	0.0
10	44	0.0
10	45	0.377777777778
10	46	0.5
10	47	0.5
10	48	0.373493975904
10	49	0.377777777778
10	50	0.466666666667
10	51	0.466666666667
10	52	0.0
10	53	0.666666666667
10	54	0.0
10	55	0.466666666667
10	56	0.454545454545
10	57	0.454545454545
10	58	0.44262295082
10	59	0.0
10	60	0.377777777778
10	61	0.0
10	62	0.5
10	63	0
10	64	0
10	65	0
10	66	0
11	1	0.3
11	2	0.166666666667
11	3	0.166666666667
11	4	0.166666666667
11	5	0.0729166666667
11	6	0.0729166666667
11	7	0.0729166666667
11	8	0.0
11	9	0.25
11	10	1.0
11	11	1.0
11	12	1.0
11	13	1.0
11	14	1.0
11	15	0.0845070422535
11	16	0.260869565217
11	17	0.5
11	18	0.377777777778
11	19	0.377777777778
11	20	0.0
11	21	0.0
11	22	0.4
11	23	0.0
11	24	0.0625
11	25	0.265957446809
11	26	0.262886597938
11	27	0.377777777778
11	28	0.262886597938
11	29	0.262886597938
11	30	0.262886597938
11	31	0.5
11	32	0.262886597938
11	33	0.466666666667
11	34	0.0729166666667
11	35	0.5
11	36	0.0729166666667
11	37	0.0
11	38	0.377777777778
11	39	0.4
11	40	0.4
11	41	0.666666666667
11	42	0.0
11	43	0.0
11	44	0.0
11	45	0.377777777778
11	46	0.5
11	47	0.5
11	48	0.373493975904
11	49	0.377777777778
11	50	0.466666666667
11	51	0.466666666667
11	52	0.0
11	53	0.666666666667
11	54	0.0
11	55	0.466666666667
11	56	0.454545454545
11	57	0.454545454545
11	58	0.44262295082
11	59	0.0
11	60	0.377777777778
11	61	0.0
11	62	0.5
11	63	0
11	64	0
11	65	0
11	66	0
12	1	0.3
12	2	0.166666666667
12	3	0.166666666667
12	4	0.166666666667
12	5	0.0729166666667
12	6	0.0729166666667
12	7	0.0729166666667
12	8	0.0
12	9	0.25
12	10	1.0
12	11	1.0
12	12	1.0
12	13	1.0
12	14	1.0
12	15	0.0845070422535
12	16	0.260869565217
12	17	0.5
12	18	0.377777777778
12	19	0.377777777778
12	20	0.0
12	21	0.0
12	22	0.4
12	23	0.0
12	24	0.0625
12	25	0.265957446809
12	26	0.262886597938
12	27	0.377777777778
12	28	0.262886597938
12	29	0.262886597938
12	30	0.262886597938
12	31	0.5
12	32	0.262886597938
12	33	0.466666666667
12	34	0.0729166666667
12	35	0.5
12	36	0.0729166666667
12	37	0.0
12	38	0.377777777778
12	39	0.4
12	40	0.4
12	41	0.666666666667
12	42	0.0
12	43	0.0
12	44	0.0
12	45	0.377777777778
12	46	0.5
12	47	0.5
12	48	0.373493975904
12	49	0.377777777778
12	50	0.466666666667
12	51	0.466666666667
12	52	0.0
12	53	0.666666666667
12	54	0.0
12	55	0.466666666667
12	56	0.454545454545
12	57	0.454545454545
12	58	0.44262295082
12	59	0.0
12	60	0.377777777778
12	61	0.0
12	62	0.5
12	63	0
12	64	0
12	65	0
12	66	0
13	1	0.3
13	2	0.166666666667
13	3	0.166666666667
13	4	0.166666666667
13	5	0.0729166666667
13	6	0.0729166666667
13	7	0.0729166666667
13	8	0.0
13	9	0.25
13	10	1.0
13	11	1.0
13	12	1.0
13	13	1.0
13	14	1.0
13	15	0.0845070422535
13	16	0.260869565217
13	17	0.5
13	18	0.377777777778
13	19	0.377777777778
13	20	0.0
13	21	0.0
13	22	0.4
13	23	0.0
13	24	0.0625
13	25	0.265957446809
13	26	0.262886597938
13	27	0.377777777778
13	28	0.262886597938
13	29	0.262886597938
13	30	0.262886597938
13	31	0.5
13	32	0.262886597938
13	33	0.466666666667
13	34	0.0729166666667
13	35	0.5
13	36	0.0729166666667
13	37	0.0
13	38	0.377777777778
13	39	0.4
13	40	0.4
13	41	0.666666666667
13	42	0.0
13	43	0.0
13	44	0.0
13	45	0.377777777778
13	46	0.5
13	47	0.5
13	48	0.373493975904
13	49	0.377777777778
13	50	0.466666666667
13	51	0.466666666667
13	52	0.0
13	53	0.666666666667
13	54	0.0
13	55	0.466666666667
13	56	0.454545454545
13	57	0.454545454545
13	58	0.44262295082
13	59	0.0
13	60	0.377777777778
13	61	0.0
13	62	0.5
13	63	0
13	64	0
13	65	0
13	66	0
14	1	0.3
14	2	0.166666666667
14	3	0.166666666667
14	4	0.166666666667
14	5	0.0729166666667
14	6	0.0729166666667
14	7	0.0729166666667
14	8	0.0
14	9	0.25
14	10	1.0
14	11	1.0
14	12	1.0
14	13	1.0
14	14	1.0
14	15	0.0845070422535
14	16	0.260869565217
14	17	0.5
14	18	0.377777777778
14	19	0.377777777778
14	20	0.0
14	21	0.0
14	22	0.4
14	23	0.0
14	24	0.0625
14	25	0.265957446809
14	26	0.262886597938
14	27	0.377777777778
14	28	0.262886597938
14	29	0.262886597938
14	30	0.262886597938
14	31	0.5
14	32	0.262886597938
14	33	0.466666666667
14	34	0.0729166666667
14	35	0.5
14	36	0.0729166666667
14	37	0.0
14	38	0.377777777778
14	39	0.4
14	40	0.4
14	41	0.666666666667
14	42	0.0
14	43	0.0
14	44	0.0
14	45	0.377777777778
14	46	0.5
14	47	0.5
14	48	0.373493975904
14	49	0.377777777778
14	50	0.466666666667
14	51	0.466666666667
14	52	0.0
14	53	0.666666666667
14	54	0.0
14	55	0.466666666667
14	56	0.454545454545
14	57	0.454545454545
14	58	0.44262295082
14	59	0.0
14	60	0.377777777778
14	61	0.0
14	62	0.5
14	63	0
14	64	0
14	65	0
14	66	0
15	1	0.0
15	2	0.0
15	3	0.0
15	4	0.0
15	5	0.183098591549
15	6	0.183098591549
15	7	0.183098591549
15	8	0.0
15	9	0.0
15	10	0.0845070422535
15	11	0.0845070422535
15	12	0.0845070422535
15	13	0.0845070422535
15	14	0.0845070422535
15	15	1.0
15	16	0.0434782608696
15	17	0.166666666667
15	18	0.0
15	19	0.0
15	20	0.0
15	21	0.0
15	22	0.02
15	23	0.0
15	24	0.125
15	25	0.056338028169
15	26	0.0985915492958
15	27	0.0
15	28	0.0985915492958
15	29	0.0985915492958
15	30	0.0985915492958
15	31	0.0
15	32	0.0985915492958
15	33	0.0
15	34	0.183098591549
15	35	0.0
15	36	0.183098591549
15	37	0.0
15	38	0.0
15	39	0.02
15	40	0.02
15	41	0.0
15	42	0.0
15	43	0.0
15	44	0.0
15	45	0.0
15	46	0.0
15	47	0.0
15	48	0.0845070422535
15	49	0.0
15	50	0.0
15	51	0.0
15	52	0.0
15	53	0.0
15	54	0.0
15	55	0.0
15	56	0.0
15	57	0.0
15	58	0.0
15	59	0.0
15	60	0.0
15	61	0.0
15	62	0.166666666667
15	63	0
15	64	0
15	65	0
15	66	0
16	1	0.2
16	2	0.0
16	3	0.0
16	4	0.0
16	5	0.0
16	6	0.0
16	7	0.0
16	8	0.0
16	9	0.0
16	10	0.260869565217
16	11	0.260869565217
16	12	0.260869565217
16	13	0.260869565217
16	14	0.260869565217
16	15	0.0434782608696
16	16	1.0
16	17	0.166666666667
16	18	0.0869565217391
16	19	0.0869565217391
16	20	0.333333333333
16	21	0.0
16	22	0.173913043478
16	23	0.0
16	24	0.0
16	25	0.0434782608696
16	26	0.217391304348
16	27	0.0869565217391
16	28	0.217391304348
16	29	0.217391304348
16	30	0.217391304348
16	31	0.0
16	32	0.217391304348
16	33	0.0
16	34	0.0
16	35	0.0434782608696
16	36	0.0
16	37	0.333333333333
16	38	0.0869565217391
16	39	0.173913043478
16	40	0.173913043478
16	41	0.0
16	42	0.0
16	43	0.0
16	44	0.0
16	45	0.0869565217391
16	46	0.0
16	47	0.0
16	48	0.391304347826
16	49	0.0869565217391
16	50	0.0
16	51	0.0
16	52	0.0
16	53	0.0
16	54	0.0
16	55	0.0
16	56	0.0
16	57	0.0
16	58	0.0869565217391
16	59	0.0
16	60	0.0869565217391
16	61	0.0
16	62	0.166666666667
16	63	0
16	64	0
16	65	0
16	66	0
17	1	0.0
17	2	0.0
17	3	0.0
17	4	0.0
17	5	0.0
17	6	0.0
17	7	0.0
17	8	0.0
17	9	0.0
17	10	0.5
17	11	0.5
17	12	0.5
17	13	0.5
17	14	0.5
17	15	0.166666666667
17	16	0.166666666667
17	17	1.0
17	18	0.0833333333333
17	19	0.0833333333333
17	20	0.0
17	21	0.0
17	22	0.333333333333
17	23	0.0
17	24	0.0
17	25	0.0
17	26	0.25
17	27	0.0833333333333
17	28	0.25
17	29	0.25
17	30	0.25
17	31	0.0
17	32	0.25
17	33	0.0
17	34	0.0
17	35	0.0833333333333
17	36	0.0
17	37	0.0
17	38	0.0833333333333
17	39	0.333333333333
17	40	0.333333333333
17	41	0.0
17	42	0.0
17	43	0.0
17	44	0.0
17	45	0.0833333333333
17	46	0.0
17	47	0.0
17	48	0.583333333333
17	49	0.0833333333333
17	50	0.0
17	51	0.0
17	52	0.0
17	53	0.333333333333
17	54	0.0
17	55	0.0
17	56	0.0
17	57	0.0
17	58	0.166666666667
17	59	0.0
17	60	0.0833333333333
17	61	0.0
17	62	1.0
17	63	0
17	64	0
17	65	0
17	66	0
18	1	0.0
18	2	0.0
18	3	0.0
18	4	0.0
18	5	0.0444444444444
18	6	0.0444444444444
18	7	0.0444444444444
18	8	0.0
18	9	0.0
18	10	0.377777777778
18	11	0.377777777778
18	12	0.377777777778
18	13	0.377777777778
18	14	0.377777777778
18	15	0.0
18	16	0.0869565217391
18	17	0.0833333333333
18	18	1.0
18	19	1.0
18	20	0.0
18	21	0.0
18	22	0.111111111111
18	23	0.0
18	24	0.0
18	25	0.0888888888889
18	26	0.355555555556
18	27	1.0
18	28	0.355555555556
18	29	0.355555555556
18	30	0.355555555556
18	31	0.0
18	32	0.355555555556
18	33	0.333333333333
18	34	0.0444444444444
18	35	0.136363636364
18	36	0.0444444444444
18	37	0.0
18	38	1.0
18	39	0.111111111111
18	40	0.111111111111
18	41	0.166666666667
18	42	0.0
18	43	0.0
18	44	0.0
18	45	1.0
18	46	0.0
18	47	0.0
18	48	0.177777777778
18	49	1.0
18	50	0.333333333333
18	51	0.333333333333
18	52	0.0
18	53	0.0
18	54	0.0
18	55	0.333333333333
18	56	0.0
18	57	0.0
18	58	0.155555555556
18	59	0.0
18	60	1.0
18	61	0.0
18	62	0.0833333333333
18	63	0
18	64	0
18	65	0
18	66	0
19	1	0.0
19	2	0.0
19	3	0.0
19	4	0.0
19	5	0.0444444444444
19	6	0.0444444444444
19	7	0.0444444444444
19	8	0.0
19	9	0.0
19	10	0.377777777778
19	11	0.377777777778
19	12	0.377777777778
19	13	0.377777777778
19	14	0.377777777778
19	15	0.0
19	16	0.0869565217391
19	17	0.0833333333333
19	18	1.0
19	19	1.0
19	20	0.0
19	21	0.0
19	22	0.111111111111
19	23	0.0
19	24	0.0
19	25	0.0888888888889
19	26	0.355555555556
19	27	1.0
19	28	0.355555555556
19	29	0.355555555556
19	30	0.355555555556
19	31	0.0
19	32	0.355555555556
19	33	0.333333333333
19	34	0.0444444444444
19	35	0.136363636364
19	36	0.0444444444444
19	37	0.0
19	38	1.0
19	39	0.111111111111
19	40	0.111111111111
19	41	0.166666666667
19	42	0.0
19	43	0.0
19	44	0.0
19	45	1.0
19	46	0.0
19	47	0.0
19	48	0.177777777778
19	49	1.0
19	50	0.333333333333
19	51	0.333333333333
19	52	0.0
19	53	0.0
19	54	0.0
19	55	0.333333333333
19	56	0.0
19	57	0.0
19	58	0.155555555556
19	59	0.0
19	60	1.0
19	61	0.0
19	62	0.0833333333333
19	63	0
19	64	0
19	65	0
19	66	0
20	1	0.0
20	2	0.0
20	3	0.0
20	4	0.0
20	5	0.0
20	6	0.0
20	7	0.0
20	8	0.0
20	9	0.0
20	10	0.0
20	11	0.0
20	12	0.0
20	13	0.0
20	14	0.0
20	15	0.0
20	16	0.333333333333
20	17	0.0
20	18	0.0
20	19	0.0
20	20	1.0
20	21	0.0
20	22	0.0
20	23	0.0
20	24	0.0
20	25	0.333333333333
20	26	0.333333333333
20	27	0.0
20	28	0.333333333333
20	29	0.333333333333
20	30	0.333333333333
20	31	0.0
20	32	0.333333333333
20	33	0.0
20	34	0.0
20	35	0.0
20	36	0.0
20	37	0.0
20	38	0.0
20	39	0.0
20	40	0.0
20	41	0.0
20	42	0.0
20	43	0.0
20	44	0.0
20	45	0.0
20	46	0.0
20	47	0.0
20	48	0.333333333333
20	49	0.0
20	50	0.0
20	51	0.0
20	52	0.0
20	53	0.0
20	54	0.0
20	55	0.0
20	56	0.0
20	57	0.0
20	58	0.0
20	59	0.0
20	60	0.0
20	61	0.0
20	62	0.0
20	63	0
20	64	0
20	65	0
20	66	0
21	1	0.0
21	2	0.0
21	3	0.0
21	4	0.0
21	5	0.0
21	6	0.0
21	7	0.0
21	8	1.0
21	9	0.0
21	10	0.0
21	11	0.0
21	12	0.0
21	13	0.0
21	14	0.0
21	15	0.0
21	16	0.0
21	17	0.0
21	18	0.0
21	19	0.0
21	20	0.0
21	21	1.0
21	22	0.0
21	23	0.0
21	24	0.0
21	25	0.0
21	26	0.0
21	27	0.0
21	28	0.0
21	29	0.0
21	30	0.0
21	31	0.0
21	32	0.0
21	33	0.0
21	34	0.0
21	35	0.0
21	36	0.0
21	37	0.0
21	38	0.0
21	39	0.0
21	40	0.0
21	41	0.0
21	42	1.0
21	43	0.0
21	44	1.0
21	45	0.0
21	46	0.0
21	47	0.0
21	48	0.0
21	49	0.0
21	50	0.0
21	51	0.0
21	52	0.0
21	53	0.0
21	54	0.0
21	55	0.0
21	56	0.0
21	57	0.0
21	58	0.0
21	59	0.0
21	60	0.0
21	61	0.0
21	62	0.0
21	63	0
21	64	0
21	65	0
21	66	0
22	1	0.4
22	2	0.0
22	3	0.0
22	4	0.0
22	5	0.02
22	6	0.02
22	7	0.02
22	8	0.0
22	9	0.0
22	10	0.4
22	11	0.4
22	12	0.4
22	13	0.4
22	14	0.4
22	15	0.02
22	16	0.173913043478
22	17	0.333333333333
22	18	0.111111111111
22	19	0.111111111111
22	20	0.0
22	21	0.0
22	22	1.0
22	23	0.0
22	24	0.0
22	25	0.0
22	26	0.38
22	27	0.111111111111
22	28	0.38
22	29	0.38
22	30	0.38
22	31	0.0
22	32	0.38
22	33	0.0
22	34	0.02
22	35	0.0454545454545
22	36	0.02
22	37	0.0
22	38	0.111111111111
22	39	1.0
22	40	1.0
22	41	0.333333333333
22	42	0.0
22	43	0.0
22	44	0.0
22	45	0.111111111111
22	46	0.0
22	47	0.0
22	48	0.4
22	49	0.111111111111
22	50	0.0
22	51	0.0
22	52	0.0
22	53	0.666666666667
22	54	0.0
22	55	0.0
22	56	0.0909090909091
22	57	0.0909090909091
22	58	0.16
22	59	0.0212765957447
22	60	0.111111111111
22	61	0.0
22	62	0.333333333333
22	63	0
22	64	0
22	65	0
22	66	0
23	1	0.0
23	2	0.0
23	3	0.0
23	4	0.0
23	5	0.0
23	6	0.0
23	7	0.0
23	8	0.0
23	9	0.0
23	10	0.0
23	11	0.0
23	12	0.0
23	13	0.0
23	14	0.0
23	15	0.0
23	16	0.0
23	17	0.0
23	18	0.0
23	19	0.0
23	20	0.0
23	21	0.0
23	22	0.0
23	23	1.0
23	24	0.0
23	25	0.0
23	26	0.0
23	27	0.0
23	28	0.0
23	29	0.0
23	30	0.0
23	31	0.0
23	32	0.0
23	33	0.0
23	34	0.0
23	35	0.0
23	36	0.0
23	37	0.0
23	38	0.0
23	39	0.0
23	40	0.0
23	41	0.0
23	42	0.0
23	43	0.0
23	44	0.0
23	45	0.0
23	46	0.0
23	47	0.0
23	48	0.0
23	49	0.0
23	50	0.0
23	51	0.0
23	52	0.0
23	53	0.0
23	54	0.0
23	55	0.0
23	56	0.0
23	57	0.0
23	58	0.0
23	59	0.0
23	60	0.0
23	61	0.0
23	62	0.0
23	63	0
23	64	0
23	65	0
23	66	0
24	1	0.0
24	2	0.0
24	3	0.0
24	4	0.0
24	5	0.125
24	6	0.125
24	7	0.125
24	8	0.0
24	9	0.0
24	10	0.0625
24	11	0.0625
24	12	0.0625
24	13	0.0625
24	14	0.0625
24	15	0.125
24	16	0.0
24	17	0.0
24	18	0.0
24	19	0.0
24	20	0.0
24	21	0.0
24	22	0.0
24	23	0.0
24	24	1.0
24	25	0.0
24	26	0.0
24	27	0.0
24	28	0.0
24	29	0.0
24	30	0.0
24	31	0.0
24	32	0.0
24	33	0.0
24	34	0.125
24	35	0.125
24	36	0.125
24	37	0.0
24	38	0.0
24	39	0.0
24	40	0.0
24	41	0.0
24	42	0.0
24	43	0.0
24	44	0.0
24	45	0.0
24	46	0.0
24	47	0.0
24	48	0.0625
24	49	0.0
24	50	0.0
24	51	0.0
24	52	0.0
24	53	0.0
24	54	0.0
24	55	0.0
24	56	0.0
24	57	0.0
24	58	0.0625
24	59	0.0
24	60	0.0
24	61	0.0
24	62	0.0
24	63	0
24	64	0
24	65	0
24	66	0
25	1	0.0
25	2	0.0
25	3	0.0
25	4	0.0
25	5	0.0744680851064
25	6	0.0744680851064
25	7	0.0744680851064
25	8	0.0
25	9	0.0
25	10	0.265957446809
25	11	0.265957446809
25	12	0.265957446809
25	13	0.265957446809
25	14	0.265957446809
25	15	0.056338028169
25	16	0.0434782608696
25	17	0.0
25	18	0.0888888888889
25	19	0.0888888888889
25	20	0.333333333333
25	21	0.0
25	22	0.0
25	23	0.0
25	24	0.0
25	25	1.0
25	26	0.148936170213
25	27	0.0888888888889
25	28	0.148936170213
25	29	0.148936170213
25	30	0.148936170213
25	31	0.0
25	32	0.148936170213
25	33	0.0
25	34	0.0744680851064
25	35	0.0227272727273
25	36	0.0744680851064
25	37	0.0
25	38	0.0888888888889
25	39	0.0
25	40	0.0
25	41	0.0
25	42	0.0
25	43	0.0
25	44	0.0
25	45	0.0888888888889
25	46	0.0
25	47	0.0
25	48	0.106382978723
25	49	0.0888888888889
25	50	0.0
25	51	0.0
25	52	0.0
25	53	0.0
25	54	0.0
25	55	0.0
25	56	0.0909090909091
25	57	0.0909090909091
25	58	0.016393442623
25	59	0.0
25	60	0.0888888888889
25	61	0.333333333333
25	62	0.0
25	63	0
25	64	0
25	65	0
25	66	0
26	1	0.0
26	2	0.166666666667
26	3	0.166666666667
26	4	0.166666666667
26	5	0.0520833333333
26	6	0.0520833333333
26	7	0.0520833333333
26	8	0.0
26	9	0.25
26	10	0.262886597938
26	11	0.262886597938
26	12	0.262886597938
26	13	0.262886597938
26	14	0.262886597938
26	15	0.0985915492958
26	16	0.217391304348
26	17	0.25
26	18	0.355555555556
26	19	0.355555555556
26	20	0.333333333333
26	21	0.0
26	22	0.38
26	23	0.0
26	24	0.0
26	25	0.148936170213
26	26	1.0
26	27	0.355555555556
26	28	1.0
26	29	1.0
26	30	1.0
26	31	0.25
26	32	1.0
26	33	0.133333333333
26	34	0.0520833333333
26	35	0.454545454545
26	36	0.0520833333333
26	37	0.0
26	38	0.355555555556
26	39	0.38
26	40	0.38
26	41	0.333333333333
26	42	0.0
26	43	0.0
26	44	0.0
26	45	0.355555555556
26	46	0.25
26	47	0.25
26	48	0.253012048193
26	49	0.355555555556
26	50	0.133333333333
26	51	0.133333333333
26	52	0.0
26	53	0.333333333333
26	54	0.0
26	55	0.133333333333
26	56	0.545454545455
26	57	0.545454545455
26	58	0.409836065574
26	59	0.0212765957447
26	60	0.355555555556
26	61	0.0
26	62	0.25
26	63	0
26	64	0
26	65	0
26	66	0
27	1	0.0
27	2	0.0
27	3	0.0
27	4	0.0
27	5	0.0444444444444
27	6	0.0444444444444
27	7	0.0444444444444
27	8	0.0
27	9	0.0
27	10	0.377777777778
27	11	0.377777777778
27	12	0.377777777778
27	13	0.377777777778
27	14	0.377777777778
27	15	0.0
27	16	0.0869565217391
27	17	0.0833333333333
27	18	1.0
27	19	1.0
27	20	0.0
27	21	0.0
27	22	0.111111111111
27	23	0.0
27	24	0.0
27	25	0.0888888888889
27	26	0.355555555556
27	27	1.0
27	28	0.355555555556
27	29	0.355555555556
27	30	0.355555555556
27	31	0.0
27	32	0.355555555556
27	33	0.333333333333
27	34	0.0444444444444
27	35	0.136363636364
27	36	0.0444444444444
27	37	0.0
27	38	1.0
27	39	0.111111111111
27	40	0.111111111111
27	41	0.166666666667
27	42	0.0
27	43	0.0
27	44	0.0
27	45	1.0
27	46	0.0
27	47	0.0
27	48	0.177777777778
27	49	1.0
27	50	0.333333333333
27	51	0.333333333333
27	52	0.0
27	53	0.0
27	54	0.0
27	55	0.333333333333
27	56	0.0
27	57	0.0
27	58	0.155555555556
27	59	0.0
27	60	1.0
27	61	0.0
27	62	0.0833333333333
27	63	0
27	64	0
27	65	0
27	66	0
28	1	0.0
28	2	0.166666666667
28	3	0.166666666667
28	4	0.166666666667
28	5	0.0520833333333
28	6	0.0520833333333
28	7	0.0520833333333
28	8	0.0
28	9	0.25
28	10	0.262886597938
28	11	0.262886597938
28	12	0.262886597938
28	13	0.262886597938
28	14	0.262886597938
28	15	0.0985915492958
28	16	0.217391304348
28	17	0.25
28	18	0.355555555556
28	19	0.355555555556
28	20	0.333333333333
28	21	0.0
28	22	0.38
28	23	0.0
28	24	0.0
28	25	0.148936170213
28	26	1.0
28	27	0.355555555556
28	28	1.0
28	29	1.0
28	30	1.0
28	31	0.25
28	32	1.0
28	33	0.133333333333
28	34	0.0520833333333
28	35	0.454545454545
28	36	0.0520833333333
28	37	0.0
28	38	0.355555555556
28	39	0.38
28	40	0.38
28	41	0.333333333333
28	42	0.0
28	43	0.0
28	44	0.0
28	45	0.355555555556
28	46	0.25
28	47	0.25
28	48	0.253012048193
28	49	0.355555555556
28	50	0.133333333333
28	51	0.133333333333
28	52	0.0
28	53	0.333333333333
28	54	0.0
28	55	0.133333333333
28	56	0.545454545455
28	57	0.545454545455
28	58	0.409836065574
28	59	0.0212765957447
28	60	0.355555555556
28	61	0.0
28	62	0.25
28	63	0
28	64	0
28	65	0
28	66	0
29	1	0.0
29	2	0.166666666667
29	3	0.166666666667
29	4	0.166666666667
29	5	0.0520833333333
29	6	0.0520833333333
29	7	0.0520833333333
29	8	0.0
29	9	0.25
29	10	0.262886597938
29	11	0.262886597938
29	12	0.262886597938
29	13	0.262886597938
29	14	0.262886597938
29	15	0.0985915492958
29	16	0.217391304348
29	17	0.25
29	18	0.355555555556
29	19	0.355555555556
29	20	0.333333333333
29	21	0.0
29	22	0.38
29	23	0.0
29	24	0.0
29	25	0.148936170213
29	26	1.0
29	27	0.355555555556
29	28	1.0
29	29	1.0
29	30	1.0
29	31	0.25
29	32	1.0
29	33	0.133333333333
29	34	0.0520833333333
29	35	0.454545454545
29	36	0.0520833333333
29	37	0.0
29	38	0.355555555556
29	39	0.38
29	40	0.38
29	41	0.333333333333
29	42	0.0
29	43	0.0
29	44	0.0
29	45	0.355555555556
29	46	0.25
29	47	0.25
29	48	0.253012048193
29	49	0.355555555556
29	50	0.133333333333
29	51	0.133333333333
29	52	0.0
29	53	0.333333333333
29	54	0.0
29	55	0.133333333333
29	56	0.545454545455
29	57	0.545454545455
29	58	0.409836065574
29	59	0.0212765957447
29	60	0.355555555556
29	61	0.0
29	62	0.25
29	63	0
29	64	0
29	65	0
29	66	0
30	1	0.0
30	2	0.166666666667
30	3	0.166666666667
30	4	0.166666666667
30	5	0.0520833333333
30	6	0.0520833333333
30	7	0.0520833333333
30	8	0.0
30	9	0.25
30	10	0.262886597938
30	11	0.262886597938
30	12	0.262886597938
30	13	0.262886597938
30	14	0.262886597938
30	15	0.0985915492958
30	16	0.217391304348
30	17	0.25
30	18	0.355555555556
30	19	0.355555555556
30	20	0.333333333333
30	21	0.0
30	22	0.38
30	23	0.0
30	24	0.0
30	25	0.148936170213
30	26	1.0
30	27	0.355555555556
30	28	1.0
30	29	1.0
30	30	1.0
30	31	0.25
30	32	1.0
30	33	0.133333333333
30	34	0.0520833333333
30	35	0.454545454545
30	36	0.0520833333333
30	37	0.0
30	38	0.355555555556
30	39	0.38
30	40	0.38
30	41	0.333333333333
30	42	0.0
30	43	0.0
30	44	0.0
30	45	0.355555555556
30	46	0.25
30	47	0.25
30	48	0.253012048193
30	49	0.355555555556
30	50	0.133333333333
30	51	0.133333333333
30	52	0.0
30	53	0.333333333333
30	54	0.0
30	55	0.133333333333
30	56	0.545454545455
30	57	0.545454545455
30	58	0.409836065574
30	59	0.0212765957447
30	60	0.355555555556
30	61	0.0
30	62	0.25
30	63	0
30	64	0
30	65	0
30	66	0
31	1	0.0
31	2	0.0
31	3	0.0
31	4	0.0
31	5	0.0
31	6	0.0
31	7	0.0
31	8	0.0
31	9	0.0
31	10	0.5
31	11	0.5
31	12	0.5
31	13	0.5
31	14	0.5
31	15	0.0
31	16	0.0
31	17	0.0
31	18	0.0
31	19	0.0
31	20	0.0
31	21	0.0
31	22	0.0
31	23	0.0
31	24	0.0
31	25	0.0
31	26	0.25
31	27	0.0
31	28	0.25
31	29	0.25
31	30	0.25
31	31	1.0
31	32	0.25
31	33	0.0
31	34	0.0
31	35	0.0
31	36	0.0
31	37	0.0
31	38	0.0
31	39	0.0
31	40	0.0
31	41	0.0
31	42	0.0
31	43	0.0
31	44	0.0
31	45	0.0
31	46	1.0
31	47	1.0
31	48	0.75
31	49	0.0
31	50	0.0
31	51	0.0
31	52	0.0
31	53	0.0
31	54	0.0
31	55	0.0
31	56	0.0
31	57	0.0
31	58	0.0
31	59	0.0
31	60	0.0
31	61	0.0
31	62	0.0
31	63	0
31	64	0
31	65	0
31	66	0
32	1	0.0
32	2	0.166666666667
32	3	0.166666666667
32	4	0.166666666667
32	5	0.0520833333333
32	6	0.0520833333333
32	7	0.0520833333333
32	8	0.0
32	9	0.25
32	10	0.262886597938
32	11	0.262886597938
32	12	0.262886597938
32	13	0.262886597938
32	14	0.262886597938
32	15	0.0985915492958
32	16	0.217391304348
32	17	0.25
32	18	0.355555555556
32	19	0.355555555556
32	20	0.333333333333
32	21	0.0
32	22	0.38
32	23	0.0
32	24	0.0
32	25	0.148936170213
32	26	1.0
32	27	0.355555555556
32	28	1.0
32	29	1.0
32	30	1.0
32	31	0.25
32	32	1.0
32	33	0.133333333333
32	34	0.0520833333333
32	35	0.454545454545
32	36	0.0520833333333
32	37	0.0
32	38	0.355555555556
32	39	0.38
32	40	0.38
32	41	0.333333333333
32	42	0.0
32	43	0.0
32	44	0.0
32	45	0.355555555556
32	46	0.25
32	47	0.25
32	48	0.253012048193
32	49	0.355555555556
32	50	0.133333333333
32	51	0.133333333333
32	52	0.0
32	53	0.333333333333
32	54	0.0
32	55	0.133333333333
32	56	0.545454545455
32	57	0.545454545455
32	58	0.409836065574
32	59	0.0212765957447
32	60	0.355555555556
32	61	0.0
32	62	0.25
32	63	0
32	64	0
32	65	0
32	66	0
33	1	0.1
33	2	0.0
33	3	0.0
33	4	0.0
33	5	0.0
33	6	0.0
33	7	0.0
33	8	0.0
33	9	0.0
33	10	0.466666666667
33	11	0.466666666667
33	12	0.466666666667
33	13	0.466666666667
33	14	0.466666666667
33	15	0.0
33	16	0.0
33	17	0.0
33	18	0.333333333333
33	19	0.333333333333
33	20	0.0
33	21	0.0
33	22	0.0
33	23	0.0
33	24	0.0
33	25	0.0
33	26	0.133333333333
33	27	0.333333333333
33	28	0.133333333333
33	29	0.133333333333
33	30	0.133333333333
33	31	0.0
33	32	0.133333333333
33	33	1.0
33	34	0.0
33	35	0.0666666666667
33	36	0.0
33	37	0.0
33	38	0.333333333333
33	39	0.0
33	40	0.0
33	41	0.333333333333
33	42	0.0
33	43	0.0
33	44	0.0
33	45	0.333333333333
33	46	0.0
33	47	0.0
33	48	0.0666666666667
33	49	0.333333333333
33	50	1.0
33	51	1.0
33	52	0.0
33	53	0.0
33	54	0.0
33	55	1.0
33	56	0.0909090909091
33	57	0.0909090909091
33	58	0.2
33	59	0.0
33	60	0.333333333333
33	61	0.0
33	62	0.0
33	63	0
33	64	0
33	65	0
33	66	0
34	1	0.0
34	2	0.0
34	3	0.0
34	4	0.0
34	5	1.0
34	6	1.0
34	7	1.0
34	8	0.0
34	9	0.0
34	10	0.0729166666667
34	11	0.0729166666667
34	12	0.0729166666667
34	13	0.0729166666667
34	14	0.0729166666667
34	15	0.183098591549
34	16	0.0
34	17	0.0
34	18	0.0444444444444
34	19	0.0444444444444
34	20	0.0
34	21	0.0
34	22	0.02
34	23	0.0
34	24	0.125
34	25	0.0744680851064
34	26	0.0520833333333
34	27	0.0444444444444
34	28	0.0520833333333
34	29	0.0520833333333
34	30	0.0520833333333
34	31	0.0
34	32	0.0520833333333
34	33	0.0
34	34	1.0
34	35	0.0681818181818
34	36	1.0
34	37	0.0
34	38	0.0444444444444
34	39	0.02
34	40	0.02
34	41	0.0
34	42	0.0
34	43	0.0
34	44	0.0
34	45	0.0444444444444
34	46	0.0
34	47	0.0
34	48	0.0416666666667
34	49	0.0444444444444
34	50	0.0
34	51	0.0
34	52	0.0
34	53	0.0
34	54	0.0
34	55	0.0
34	56	0.0
34	57	0.0
34	58	0.0491803278689
34	59	0.0
34	60	0.0444444444444
34	61	0.0
34	62	0.0
34	63	0
34	64	0
34	65	0
34	66	0
35	1	0.0
35	2	0.0
35	3	0.0
35	4	0.0
35	5	0.0681818181818
35	6	0.0681818181818
35	7	0.0681818181818
35	8	0.0
35	9	0.0
35	10	0.5
35	11	0.5
35	12	0.5
35	13	0.5
35	14	0.5
35	15	0.0
35	16	0.0434782608696
35	17	0.0833333333333
35	18	0.136363636364
35	19	0.136363636364
35	20	0.0
35	21	0.0
35	22	0.0454545454545
35	23	0.0
35	24	0.125
35	25	0.0227272727273
35	26	0.454545454545
35	27	0.136363636364
35	28	0.454545454545
35	29	0.454545454545
35	30	0.454545454545
35	31	0.0
35	32	0.454545454545
35	33	0.0666666666667
35	34	0.0681818181818
35	35	1.0
35	36	0.0681818181818
35	37	0.0
35	38	0.136363636364
35	39	0.0454545454545
35	40	0.0454545454545
35	41	0.166666666667
35	42	0.0
35	43	0.0
35	44	0.0
35	45	0.136363636364
35	46	0.0
35	47	0.0
35	48	0.340909090909
35	49	0.136363636364
35	50	0.0666666666667
35	51	0.0666666666667
35	52	0.0
35	53	0.0
35	54	0.0
35	55	0.0666666666667
35	56	0.272727272727
35	57	0.272727272727
35	58	0.409090909091
35	59	0.0
35	60	0.136363636364
35	61	0.0
35	62	0.0833333333333
35	63	0
35	64	0
35	65	0
35	66	0
36	1	0.0
36	2	0.0
36	3	0.0
36	4	0.0
36	5	1.0
36	6	1.0
36	7	1.0
36	8	0.0
36	9	0.0
36	10	0.0729166666667
36	11	0.0729166666667
36	12	0.0729166666667
36	13	0.0729166666667
36	14	0.0729166666667
36	15	0.183098591549
36	16	0.0
36	17	0.0
36	18	0.0444444444444
36	19	0.0444444444444
36	20	0.0
36	21	0.0
36	22	0.02
36	23	0.0
36	24	0.125
36	25	0.0744680851064
36	26	0.0520833333333
36	27	0.0444444444444
36	28	0.0520833333333
36	29	0.0520833333333
36	30	0.0520833333333
36	31	0.0
36	32	0.0520833333333
36	33	0.0
36	34	1.0
36	35	0.0681818181818
36	36	1.0
36	37	0.0
36	38	0.0444444444444
36	39	0.02
36	40	0.02
36	41	0.0
36	42	0.0
36	43	0.0
36	44	0.0
36	45	0.0444444444444
36	46	0.0
36	47	0.0
36	48	0.0416666666667
36	49	0.0444444444444
36	50	0.0
36	51	0.0
36	52	0.0
36	53	0.0
36	54	0.0
36	55	0.0
36	56	0.0
36	57	0.0
36	58	0.0491803278689
36	59	0.0
36	60	0.0444444444444
36	61	0.0
36	62	0.0
36	63	0
36	64	0
36	65	0
36	66	0
37	1	0.0
37	2	0.0
37	3	0.0
37	4	0.0
37	5	0.0
37	6	0.0
37	7	0.0
37	8	0.0
37	9	0.0
37	10	0.0
37	11	0.0
37	12	0.0
37	13	0.0
37	14	0.0
37	15	0.0
37	16	0.333333333333
37	17	0.0
37	18	0.0
37	19	0.0
37	20	0.0
37	21	0.0
37	22	0.0
37	23	0.0
37	24	0.0
37	25	0.0
37	26	0.0
37	27	0.0
37	28	0.0
37	29	0.0
37	30	0.0
37	31	0.0
37	32	0.0
37	33	0.0
37	34	0.0
37	35	0.0
37	36	0.0
37	37	1.0
37	38	0.0
37	39	0.0
37	40	0.0
37	41	0.0
37	42	0.0
37	43	0.0
37	44	0.0
37	45	0.0
37	46	0.0
37	47	0.0
37	48	0.0
37	49	0.0
37	50	0.0
37	51	0.0
37	52	0.0
37	53	0.0
37	54	0.0
37	55	0.0
37	56	0.0
37	57	0.0
37	58	0.0
37	59	0.0
37	60	0.0
37	61	0.0
37	62	0.0
37	63	0
37	64	0
37	65	0
37	66	0
38	1	0.0
38	2	0.0
38	3	0.0
38	4	0.0
38	5	0.0444444444444
38	6	0.0444444444444
38	7	0.0444444444444
38	8	0.0
38	9	0.0
38	10	0.377777777778
38	11	0.377777777778
38	12	0.377777777778
38	13	0.377777777778
38	14	0.377777777778
38	15	0.0
38	16	0.0869565217391
38	17	0.0833333333333
38	18	1.0
38	19	1.0
38	20	0.0
38	21	0.0
38	22	0.111111111111
38	23	0.0
38	24	0.0
38	25	0.0888888888889
38	26	0.355555555556
38	27	1.0
38	28	0.355555555556
38	29	0.355555555556
38	30	0.355555555556
38	31	0.0
38	32	0.355555555556
38	33	0.333333333333
38	34	0.0444444444444
38	35	0.136363636364
38	36	0.0444444444444
38	37	0.0
38	38	1.0
38	39	0.111111111111
38	40	0.111111111111
38	41	0.166666666667
38	42	0.0
38	43	0.0
38	44	0.0
38	45	1.0
38	46	0.0
38	47	0.0
38	48	0.177777777778
38	49	1.0
38	50	0.333333333333
38	51	0.333333333333
38	52	0.0
38	53	0.0
38	54	0.0
38	55	0.333333333333
38	56	0.0
38	57	0.0
38	58	0.155555555556
38	59	0.0
38	60	1.0
38	61	0.0
38	62	0.0833333333333
38	63	0
38	64	0
38	65	0
38	66	0
39	1	0.4
39	2	0.0
39	3	0.0
39	4	0.0
39	5	0.02
39	6	0.02
39	7	0.02
39	8	0.0
39	9	0.0
39	10	0.4
39	11	0.4
39	12	0.4
39	13	0.4
39	14	0.4
39	15	0.02
39	16	0.173913043478
39	17	0.333333333333
39	18	0.111111111111
39	19	0.111111111111
39	20	0.0
39	21	0.0
39	22	1.0
39	23	0.0
39	24	0.0
39	25	0.0
39	26	0.38
39	27	0.111111111111
39	28	0.38
39	29	0.38
39	30	0.38
39	31	0.0
39	32	0.38
39	33	0.0
39	34	0.02
39	35	0.0454545454545
39	36	0.02
39	37	0.0
39	38	0.111111111111
39	39	1.0
39	40	1.0
39	41	0.333333333333
39	42	0.0
39	43	0.0
39	44	0.0
39	45	0.111111111111
39	46	0.0
39	47	0.0
39	48	0.4
39	49	0.111111111111
39	50	0.0
39	51	0.0
39	52	0.0
39	53	0.666666666667
39	54	0.0
39	55	0.0
39	56	0.0909090909091
39	57	0.0909090909091
39	58	0.16
39	59	0.0212765957447
39	60	0.111111111111
39	61	0.0
39	62	0.333333333333
39	63	0
39	64	0
39	65	0
39	66	0
40	1	0.4
40	2	0.0
40	3	0.0
40	4	0.0
40	5	0.02
40	6	0.02
40	7	0.02
40	8	0.0
40	9	0.0
40	10	0.4
40	11	0.4
40	12	0.4
40	13	0.4
40	14	0.4
40	15	0.02
40	16	0.173913043478
40	17	0.333333333333
40	18	0.111111111111
40	19	0.111111111111
40	20	0.0
40	21	0.0
40	22	1.0
40	23	0.0
40	24	0.0
40	25	0.0
40	26	0.38
40	27	0.111111111111
40	28	0.38
40	29	0.38
40	30	0.38
40	31	0.0
40	32	0.38
40	33	0.0
40	34	0.02
40	35	0.0454545454545
40	36	0.02
40	37	0.0
40	38	0.111111111111
40	39	1.0
40	40	1.0
40	41	0.333333333333
40	42	0.0
40	43	0.0
40	44	0.0
40	45	0.111111111111
40	46	0.0
40	47	0.0
40	48	0.4
40	49	0.111111111111
40	50	0.0
40	51	0.0
40	52	0.0
40	53	0.666666666667
40	54	0.0
40	55	0.0
40	56	0.0909090909091
40	57	0.0909090909091
40	58	0.16
40	59	0.0212765957447
40	60	0.111111111111
40	61	0.0
40	62	0.333333333333
40	63	0
40	64	0
40	65	0
40	66	0
41	1	0.166666666667
41	2	0.0
41	3	0.0
41	4	0.0
41	5	0.0
41	6	0.0
41	7	0.0
41	8	0.0
41	9	0.0
41	10	0.666666666667
41	11	0.666666666667
41	12	0.666666666667
41	13	0.666666666667
41	14	0.666666666667
41	15	0.0
41	16	0.0
41	17	0.0
41	18	0.166666666667
41	19	0.166666666667
41	20	0.0
41	21	0.0
41	22	0.333333333333
41	23	0.0
41	24	0.0
41	25	0.0
41	26	0.333333333333
41	27	0.166666666667
41	28	0.333333333333
41	29	0.333333333333
41	30	0.333333333333
41	31	0.0
41	32	0.333333333333
41	33	0.333333333333
41	34	0.0
41	35	0.166666666667
41	36	0.0
41	37	0.0
41	38	0.166666666667
41	39	0.333333333333
41	40	0.333333333333
41	41	1.0
41	42	0.0
41	43	0.0
41	44	0.0
41	45	0.166666666667
41	46	0.0
41	47	0.0
41	48	0.5
41	49	0.166666666667
41	50	0.333333333333
41	51	0.333333333333
41	52	0.0
41	53	0.0
41	54	0.0
41	55	0.333333333333
41	56	0.0
41	57	0.0
41	58	0.166666666667
41	59	0.0
41	60	0.166666666667
41	61	0.0
41	62	0.0
41	63	0
41	64	0
41	65	0
41	66	0
42	1	0.0
42	2	0.0
42	3	0.0
42	4	0.0
42	5	0.0
42	6	0.0
42	7	0.0
42	8	1.0
42	9	0.0
42	10	0.0
42	11	0.0
42	12	0.0
42	13	0.0
42	14	0.0
42	15	0.0
42	16	0.0
42	17	0.0
42	18	0.0
42	19	0.0
42	20	0.0
42	21	1.0
42	22	0.0
42	23	0.0
42	24	0.0
42	25	0.0
42	26	0.0
42	27	0.0
42	28	0.0
42	29	0.0
42	30	0.0
42	31	0.0
42	32	0.0
42	33	0.0
42	34	0.0
42	35	0.0
42	36	0.0
42	37	0.0
42	38	0.0
42	39	0.0
42	40	0.0
42	41	0.0
42	42	1.0
42	43	0.0
42	44	1.0
42	45	0.0
42	46	0.0
42	47	0.0
42	48	0.0
42	49	0.0
42	50	0.0
42	51	0.0
42	52	0.0
42	53	0.0
42	54	0.0
42	55	0.0
42	56	0.0
42	57	0.0
42	58	0.0
42	59	0.0
42	60	0.0
42	61	0.0
42	62	0.0
42	63	0
42	64	0
42	65	0
42	66	0
43	1	0.0
43	2	0.0
43	3	0.0
43	4	0.0
43	5	0.0
43	6	0.0
43	7	0.0
43	8	0.0
43	9	0.0
43	10	0.0
43	11	0.0
43	12	0.0
43	13	0.0
43	14	0.0
43	15	0.0
43	16	0.0
43	17	0.0
43	18	0.0
43	19	0.0
43	20	0.0
43	21	0.0
43	22	0.0
43	23	0.0
43	24	0.0
43	25	0.0
43	26	0.0
43	27	0.0
43	28	0.0
43	29	0.0
43	30	0.0
43	31	0.0
43	32	0.0
43	33	0.0
43	34	0.0
43	35	0.0
43	36	0.0
43	37	0.0
43	38	0.0
43	39	0.0
43	40	0.0
43	41	0.0
43	42	0.0
43	43	1.0
43	44	0.0
43	45	0.0
43	46	0.0
43	47	0.0
43	48	0.0
43	49	0.0
43	50	0.0
43	51	0.0
43	52	0.0
43	53	0.0
43	54	0.0
43	55	0.0
43	56	0.0
43	57	0.0
43	58	0.0
43	59	0.0
43	60	0.0
43	61	0.0
43	62	0.0
43	63	0
43	64	0
43	65	0
43	66	0
44	1	0.0
44	2	0.0
44	3	0.0
44	4	0.0
44	5	0.0
44	6	0.0
44	7	0.0
44	8	1.0
44	9	0.0
44	10	0.0
44	11	0.0
44	12	0.0
44	13	0.0
44	14	0.0
44	15	0.0
44	16	0.0
44	17	0.0
44	18	0.0
44	19	0.0
44	20	0.0
44	21	1.0
44	22	0.0
44	23	0.0
44	24	0.0
44	25	0.0
44	26	0.0
44	27	0.0
44	28	0.0
44	29	0.0
44	30	0.0
44	31	0.0
44	32	0.0
44	33	0.0
44	34	0.0
44	35	0.0
44	36	0.0
44	37	0.0
44	38	0.0
44	39	0.0
44	40	0.0
44	41	0.0
44	42	1.0
44	43	0.0
44	44	1.0
44	45	0.0
44	46	0.0
44	47	0.0
44	48	0.0
44	49	0.0
44	50	0.0
44	51	0.0
44	52	0.0
44	53	0.0
44	54	0.0
44	55	0.0
44	56	0.0
44	57	0.0
44	58	0.0
44	59	0.0
44	60	0.0
44	61	0.0
44	62	0.0
44	63	0
44	64	0
44	65	0
44	66	0
45	1	0.0
45	2	0.0
45	3	0.0
45	4	0.0
45	5	0.0444444444444
45	6	0.0444444444444
45	7	0.0444444444444
45	8	0.0
45	9	0.0
45	10	0.377777777778
45	11	0.377777777778
45	12	0.377777777778
45	13	0.377777777778
45	14	0.377777777778
45	15	0.0
45	16	0.0869565217391
45	17	0.0833333333333
45	18	1.0
45	19	1.0
45	20	0.0
45	21	0.0
45	22	0.111111111111
45	23	0.0
45	24	0.0
45	25	0.0888888888889
45	26	0.355555555556
45	27	1.0
45	28	0.355555555556
45	29	0.355555555556
45	30	0.355555555556
45	31	0.0
45	32	0.355555555556
45	33	0.333333333333
45	34	0.0444444444444
45	35	0.136363636364
45	36	0.0444444444444
45	37	0.0
45	38	1.0
45	39	0.111111111111
45	40	0.111111111111
45	41	0.166666666667
45	42	0.0
45	43	0.0
45	44	0.0
45	45	1.0
45	46	0.0
45	47	0.0
45	48	0.177777777778
45	49	1.0
45	50	0.333333333333
45	51	0.333333333333
45	52	0.0
45	53	0.0
45	54	0.0
45	55	0.333333333333
45	56	0.0
45	57	0.0
45	58	0.155555555556
45	59	0.0
45	60	1.0
45	61	0.0
45	62	0.0833333333333
45	63	0
45	64	0
45	65	0
45	66	0
46	1	0.0
46	2	0.0
46	3	0.0
46	4	0.0
46	5	0.0
46	6	0.0
46	7	0.0
46	8	0.0
46	9	0.0
46	10	0.5
46	11	0.5
46	12	0.5
46	13	0.5
46	14	0.5
46	15	0.0
46	16	0.0
46	17	0.0
46	18	0.0
46	19	0.0
46	20	0.0
46	21	0.0
46	22	0.0
46	23	0.0
46	24	0.0
46	25	0.0
46	26	0.25
46	27	0.0
46	28	0.25
46	29	0.25
46	30	0.25
46	31	1.0
46	32	0.25
46	33	0.0
46	34	0.0
46	35	0.0
46	36	0.0
46	37	0.0
46	38	0.0
46	39	0.0
46	40	0.0
46	41	0.0
46	42	0.0
46	43	0.0
46	44	0.0
46	45	0.0
46	46	1.0
46	47	1.0
46	48	0.75
46	49	0.0
46	50	0.0
46	51	0.0
46	52	0.0
46	53	0.0
46	54	0.0
46	55	0.0
46	56	0.0
46	57	0.0
46	58	0.0
46	59	0.0
46	60	0.0
46	61	0.0
46	62	0.0
46	63	0
46	64	0
46	65	0
46	66	0
47	1	0.0
47	2	0.0
47	3	0.0
47	4	0.0
47	5	0.0
47	6	0.0
47	7	0.0
47	8	0.0
47	9	0.0
47	10	0.5
47	11	0.5
47	12	0.5
47	13	0.5
47	14	0.5
47	15	0.0
47	16	0.0
47	17	0.0
47	18	0.0
47	19	0.0
47	20	0.0
47	21	0.0
47	22	0.0
47	23	0.0
47	24	0.0
47	25	0.0
47	26	0.25
47	27	0.0
47	28	0.25
47	29	0.25
47	30	0.25
47	31	1.0
47	32	0.25
47	33	0.0
47	34	0.0
47	35	0.0
47	36	0.0
47	37	0.0
47	38	0.0
47	39	0.0
47	40	0.0
47	41	0.0
47	42	0.0
47	43	0.0
47	44	0.0
47	45	0.0
47	46	1.0
47	47	1.0
47	48	0.75
47	49	0.0
47	50	0.0
47	51	0.0
47	52	0.0
47	53	0.0
47	54	0.0
47	55	0.0
47	56	0.0
47	57	0.0
47	58	0.0
47	59	0.0
47	60	0.0
47	61	0.0
47	62	0.0
47	63	0
47	64	0
47	65	0
47	66	0
48	1	0.0
48	2	0.0
48	3	0.0
48	4	0.0
48	5	0.0416666666667
48	6	0.0416666666667
48	7	0.0416666666667
48	8	0.0
48	9	0.25
48	10	0.373493975904
48	11	0.373493975904
48	12	0.373493975904
48	13	0.373493975904
48	14	0.373493975904
48	15	0.0845070422535
48	16	0.391304347826
48	17	0.583333333333
48	18	0.177777777778
48	19	0.177777777778
48	20	0.333333333333
48	21	0.0
48	22	0.4
48	23	0.0
48	24	0.0625
48	25	0.106382978723
48	26	0.253012048193
48	27	0.177777777778
48	28	0.253012048193
48	29	0.253012048193
48	30	0.253012048193
48	31	0.75
48	32	0.253012048193
48	33	0.0666666666667
48	34	0.0416666666667
48	35	0.340909090909
48	36	0.0416666666667
48	37	0.0
48	38	0.177777777778
48	39	0.4
48	40	0.4
48	41	0.5
48	42	0.0
48	43	0.0
48	44	0.0
48	45	0.177777777778
48	46	0.75
48	47	0.75
48	48	1.0
48	49	0.177777777778
48	50	0.0666666666667
48	51	0.0666666666667
48	52	0.0
48	53	0.666666666667
48	54	0.0
48	55	0.0666666666667
48	56	0.272727272727
48	57	0.272727272727
48	58	0.327868852459
48	59	0.0425531914894
48	60	0.177777777778
48	61	0.0
48	62	0.583333333333
48	63	0
48	64	0
48	65	0
48	66	0
49	1	0.0
49	2	0.0
49	3	0.0
49	4	0.0
49	5	0.0444444444444
49	6	0.0444444444444
49	7	0.0444444444444
49	8	0.0
49	9	0.0
49	10	0.377777777778
49	11	0.377777777778
49	12	0.377777777778
49	13	0.377777777778
49	14	0.377777777778
49	15	0.0
49	16	0.0869565217391
49	17	0.0833333333333
49	18	1.0
49	19	1.0
49	20	0.0
49	21	0.0
49	22	0.111111111111
49	23	0.0
49	24	0.0
49	25	0.0888888888889
49	26	0.355555555556
49	27	1.0
49	28	0.355555555556
49	29	0.355555555556
49	30	0.355555555556
49	31	0.0
49	32	0.355555555556
49	33	0.333333333333
49	34	0.0444444444444
49	35	0.136363636364
49	36	0.0444444444444
49	37	0.0
49	38	1.0
49	39	0.111111111111
49	40	0.111111111111
49	41	0.166666666667
49	42	0.0
49	43	0.0
49	44	0.0
49	45	1.0
49	46	0.0
49	47	0.0
49	48	0.177777777778
49	49	1.0
49	50	0.333333333333
49	51	0.333333333333
49	52	0.0
49	53	0.0
49	54	0.0
49	55	0.333333333333
49	56	0.0
49	57	0.0
49	58	0.155555555556
49	59	0.0
49	60	1.0
49	61	0.0
49	62	0.0833333333333
49	63	0
49	64	0
49	65	0
49	66	0
50	1	0.1
50	2	0.0
50	3	0.0
50	4	0.0
50	5	0.0
50	6	0.0
50	7	0.0
50	8	0.0
50	9	0.0
50	10	0.466666666667
50	11	0.466666666667
50	12	0.466666666667
50	13	0.466666666667
50	14	0.466666666667
50	15	0.0
50	16	0.0
50	17	0.0
50	18	0.333333333333
50	19	0.333333333333
50	20	0.0
50	21	0.0
50	22	0.0
50	23	0.0
50	24	0.0
50	25	0.0
50	26	0.133333333333
50	27	0.333333333333
50	28	0.133333333333
50	29	0.133333333333
50	30	0.133333333333
50	31	0.0
50	32	0.133333333333
50	33	1.0
50	34	0.0
50	35	0.0666666666667
50	36	0.0
50	37	0.0
50	38	0.333333333333
50	39	0.0
50	40	0.0
50	41	0.333333333333
50	42	0.0
50	43	0.0
50	44	0.0
50	45	0.333333333333
50	46	0.0
50	47	0.0
50	48	0.0666666666667
50	49	0.333333333333
50	50	1.0
50	51	1.0
50	52	0.0
50	53	0.0
50	54	0.0
50	55	1.0
50	56	0.0909090909091
50	57	0.0909090909091
50	58	0.2
50	59	0.0
50	60	0.333333333333
50	61	0.0
50	62	0.0
50	63	0
50	64	0
50	65	0
50	66	0
51	1	0.1
51	2	0.0
51	3	0.0
51	4	0.0
51	5	0.0
51	6	0.0
51	7	0.0
51	8	0.0
51	9	0.0
51	10	0.466666666667
51	11	0.466666666667
51	12	0.466666666667
51	13	0.466666666667
51	14	0.466666666667
51	15	0.0
51	16	0.0
51	17	0.0
51	18	0.333333333333
51	19	0.333333333333
51	20	0.0
51	21	0.0
51	22	0.0
51	23	0.0
51	24	0.0
51	25	0.0
51	26	0.133333333333
51	27	0.333333333333
51	28	0.133333333333
51	29	0.133333333333
51	30	0.133333333333
51	31	0.0
51	32	0.133333333333
51	33	1.0
51	34	0.0
51	35	0.0666666666667
51	36	0.0
51	37	0.0
51	38	0.333333333333
51	39	0.0
51	40	0.0
51	41	0.333333333333
51	42	0.0
51	43	0.0
51	44	0.0
51	45	0.333333333333
51	46	0.0
51	47	0.0
51	48	0.0666666666667
51	49	0.333333333333
51	50	1.0
51	51	1.0
51	52	0.0
51	53	0.0
51	54	0.0
51	55	1.0
51	56	0.0909090909091
51	57	0.0909090909091
51	58	0.2
51	59	0.0
51	60	0.333333333333
51	61	0.0
51	62	0.0
51	63	0
51	64	0
51	65	0
51	66	0
52	1	0.0
52	2	0.0
52	3	0.0
52	4	0.0
52	5	0.0
52	6	0.0
52	7	0.0
52	8	0.0
52	9	0.25
52	10	0.0
52	11	0.0
52	12	0.0
52	13	0.0
52	14	0.0
52	15	0.0
52	16	0.0
52	17	0.0
52	18	0.0
52	19	0.0
52	20	0.0
52	21	0.0
52	22	0.0
52	23	0.0
52	24	0.0
52	25	0.0
52	26	0.0
52	27	0.0
52	28	0.0
52	29	0.0
52	30	0.0
52	31	0.0
52	32	0.0
52	33	0.0
52	34	0.0
52	35	0.0
52	36	0.0
52	37	0.0
52	38	0.0
52	39	0.0
52	40	0.0
52	41	0.0
52	42	0.0
52	43	0.0
52	44	0.0
52	45	0.0
52	46	0.0
52	47	0.0
52	48	0.0
52	49	0.0
52	50	0.0
52	51	0.0
52	52	1.0
52	53	0.0
52	54	0.0
52	55	0.0
52	56	0.0
52	57	0.0
52	58	0.0
52	59	0.0
52	60	0.0
52	61	0.0
52	62	0.0
52	63	0
52	64	0
52	65	0
52	66	0
53	1	0.333333333333
53	2	0.0
53	3	0.0
53	4	0.0
53	5	0.0
53	6	0.0
53	7	0.0
53	8	0.0
53	9	0.0
53	10	0.666666666667
53	11	0.666666666667
53	12	0.666666666667
53	13	0.666666666667
53	14	0.666666666667
53	15	0.0
53	16	0.0
53	17	0.333333333333
53	18	0.0
53	19	0.0
53	20	0.0
53	21	0.0
53	22	0.666666666667
53	23	0.0
53	24	0.0
53	25	0.0
53	26	0.333333333333
53	27	0.0
53	28	0.333333333333
53	29	0.333333333333
53	30	0.333333333333
53	31	0.0
53	32	0.333333333333
53	33	0.0
53	34	0.0
53	35	0.0
53	36	0.0
53	37	0.0
53	38	0.0
53	39	0.666666666667
53	40	0.666666666667
53	41	0.0
53	42	0.0
53	43	0.0
53	44	0.0
53	45	0.0
53	46	0.0
53	47	0.0
53	48	0.666666666667
53	49	0.0
53	50	0.0
53	51	0.0
53	52	0.0
53	53	1.0
53	54	0.0
53	55	0.0
53	56	0.333333333333
53	57	0.333333333333
53	58	0.0
53	59	0.333333333333
53	60	0.0
53	61	0.0
53	62	0.333333333333
53	63	0
53	64	0
53	65	0
53	66	0
54	1	0.0
54	2	0.0
54	3	0.0
54	4	0.0
54	5	0.0
54	6	0.0
54	7	0.0
54	8	0.0
54	9	0.0
54	10	0.0
54	11	0.0
54	12	0.0
54	13	0.0
54	14	0.0
54	15	0.0
54	16	0.0
54	17	0.0
54	18	0.0
54	19	0.0
54	20	0.0
54	21	0.0
54	22	0.0
54	23	0.0
54	24	0.0
54	25	0.0
54	26	0.0
54	27	0.0
54	28	0.0
54	29	0.0
54	30	0.0
54	31	0.0
54	32	0.0
54	33	0.0
54	34	0.0
54	35	0.0
54	36	0.0
54	37	0.0
54	38	0.0
54	39	0.0
54	40	0.0
54	41	0.0
54	42	0.0
54	43	0.0
54	44	0.0
54	45	0.0
54	46	0.0
54	47	0.0
54	48	0.0
54	49	0.0
54	50	0.0
54	51	0.0
54	52	0.0
54	53	0.0
54	54	1.0
54	55	0.0
54	56	0.0
54	57	0.0
54	58	0.0
54	59	0.333333333333
54	60	0.0
54	61	0.0
54	62	0.0
54	63	0
54	64	0
54	65	0
54	66	0
55	1	0.1
55	2	0.0
55	3	0.0
55	4	0.0
55	5	0.0
55	6	0.0
55	7	0.0
55	8	0.0
55	9	0.0
55	10	0.466666666667
55	11	0.466666666667
55	12	0.466666666667
55	13	0.466666666667
55	14	0.466666666667
55	15	0.0
55	16	0.0
55	17	0.0
55	18	0.333333333333
55	19	0.333333333333
55	20	0.0
55	21	0.0
55	22	0.0
55	23	0.0
55	24	0.0
55	25	0.0
55	26	0.133333333333
55	27	0.333333333333
55	28	0.133333333333
55	29	0.133333333333
55	30	0.133333333333
55	31	0.0
55	32	0.133333333333
55	33	1.0
55	34	0.0
55	35	0.0666666666667
55	36	0.0
55	37	0.0
55	38	0.333333333333
55	39	0.0
55	40	0.0
55	41	0.333333333333
55	42	0.0
55	43	0.0
55	44	0.0
55	45	0.333333333333
55	46	0.0
55	47	0.0
55	48	0.0666666666667
55	49	0.333333333333
55	50	1.0
55	51	1.0
55	52	0.0
55	53	0.0
55	54	0.0
55	55	1.0
55	56	0.0909090909091
55	57	0.0909090909091
55	58	0.2
55	59	0.0
55	60	0.333333333333
55	61	0.0
55	62	0.0
55	63	0
55	64	0
55	65	0
55	66	0
56	1	0.1
56	2	0.0
56	3	0.0
56	4	0.0
56	5	0.0
56	6	0.0
56	7	0.0
56	8	0.0
56	9	0.0
56	10	0.454545454545
56	11	0.454545454545
56	12	0.454545454545
56	13	0.454545454545
56	14	0.454545454545
56	15	0.0
56	16	0.0
56	17	0.0
56	18	0.0
56	19	0.0
56	20	0.0
56	21	0.0
56	22	0.0909090909091
56	23	0.0
56	24	0.0
56	25	0.0909090909091
56	26	0.545454545455
56	27	0.0
56	28	0.545454545455
56	29	0.545454545455
56	30	0.545454545455
56	31	0.0
56	32	0.545454545455
56	33	0.0909090909091
56	34	0.0
56	35	0.272727272727
56	36	0.0
56	37	0.0
56	38	0.0
56	39	0.0909090909091
56	40	0.0909090909091
56	41	0.0
56	42	0.0
56	43	0.0
56	44	0.0
56	45	0.0
56	46	0.0
56	47	0.0
56	48	0.272727272727
56	49	0.0
56	50	0.0909090909091
56	51	0.0909090909091
56	52	0.0
56	53	0.333333333333
56	54	0.0
56	55	0.0909090909091
56	56	1.0
56	57	1.0
56	58	0.181818181818
56	59	0.0
56	60	0.0
56	61	0.0
56	62	0.0
56	63	0
56	64	0
56	65	0
56	66	0
57	1	0.1
57	2	0.0
57	3	0.0
57	4	0.0
57	5	0.0
57	6	0.0
57	7	0.0
57	8	0.0
57	9	0.0
57	10	0.454545454545
57	11	0.454545454545
57	12	0.454545454545
57	13	0.454545454545
57	14	0.454545454545
57	15	0.0
57	16	0.0
57	17	0.0
57	18	0.0
57	19	0.0
57	20	0.0
57	21	0.0
57	22	0.0909090909091
57	23	0.0
57	24	0.0
57	25	0.0909090909091
57	26	0.545454545455
57	27	0.0
57	28	0.545454545455
57	29	0.545454545455
57	30	0.545454545455
57	31	0.0
57	32	0.545454545455
57	33	0.0909090909091
57	34	0.0
57	35	0.272727272727
57	36	0.0
57	37	0.0
57	38	0.0
57	39	0.0909090909091
57	40	0.0909090909091
57	41	0.0
57	42	0.0
57	43	0.0
57	44	0.0
57	45	0.0
57	46	0.0
57	47	0.0
57	48	0.272727272727
57	49	0.0
57	50	0.0909090909091
57	51	0.0909090909091
57	52	0.0
57	53	0.333333333333
57	54	0.0
57	55	0.0909090909091
57	56	1.0
57	57	1.0
57	58	0.181818181818
57	59	0.0
57	60	0.0
57	61	0.0
57	62	0.0
57	63	0
57	64	0
57	65	0
57	66	0
58	1	0.0
58	2	0.0
58	3	0.0
58	4	0.0
58	5	0.0491803278689
58	6	0.0491803278689
58	7	0.0491803278689
58	8	0.0
58	9	0.0
58	10	0.44262295082
58	11	0.44262295082
58	12	0.44262295082
58	13	0.44262295082
58	14	0.44262295082
58	15	0.0
58	16	0.0869565217391
58	17	0.166666666667
58	18	0.155555555556
58	19	0.155555555556
58	20	0.0
58	21	0.0
58	22	0.16
58	23	0.0
58	24	0.0625
58	25	0.016393442623
58	26	0.409836065574
58	27	0.155555555556
58	28	0.409836065574
58	29	0.409836065574
58	30	0.409836065574
58	31	0.0
58	32	0.409836065574
58	33	0.2
58	34	0.0491803278689
58	35	0.409090909091
58	36	0.0491803278689
58	37	0.0
58	38	0.155555555556
58	39	0.16
58	40	0.16
58	41	0.166666666667
58	42	0.0
58	43	0.0
58	44	0.0
58	45	0.155555555556
58	46	0.0
58	47	0.0
58	48	0.327868852459
58	49	0.155555555556
58	50	0.2
58	51	0.2
58	52	0.0
58	53	0.0
58	54	0.0
58	55	0.2
58	56	0.181818181818
58	57	0.181818181818
58	58	1.0
58	59	0.0
58	60	0.155555555556
58	61	0.0
58	62	0.166666666667
58	63	0
58	64	0
58	65	0
58	66	0
59	1	0.0
59	2	0.0
59	3	0.0
59	4	0.0
59	5	0.0
59	6	0.0
59	7	0.0
59	8	0.0
59	9	0.0
59	10	0.0
59	11	0.0
59	12	0.0
59	13	0.0
59	14	0.0
59	15	0.0
59	16	0.0
59	17	0.0
59	18	0.0
59	19	0.0
59	20	0.0
59	21	0.0
59	22	0.0212765957447
59	23	0.0
59	24	0.0
59	25	0.0
59	26	0.0212765957447
59	27	0.0
59	28	0.0212765957447
59	29	0.0212765957447
59	30	0.0212765957447
59	31	0.0
59	32	0.0212765957447
59	33	0.0
59	34	0.0
59	35	0.0
59	36	0.0
59	37	0.0
59	38	0.0
59	39	0.0212765957447
59	40	0.0212765957447
59	41	0.0
59	42	0.0
59	43	0.0
59	44	0.0
59	45	0.0
59	46	0.0
59	47	0.0
59	48	0.0425531914894
59	49	0.0
59	50	0.0
59	51	0.0
59	52	0.0
59	53	0.333333333333
59	54	0.333333333333
59	55	0.0
59	56	0.0
59	57	0.0
59	58	0.0
59	59	1.0
59	60	0.0
59	61	0.0
59	62	0.0
59	63	0
59	64	0
59	65	0
59	66	0
60	1	0.0
60	2	0.0
60	3	0.0
60	4	0.0
60	5	0.0444444444444
60	6	0.0444444444444
60	7	0.0444444444444
60	8	0.0
60	9	0.0
60	10	0.377777777778
60	11	0.377777777778
60	12	0.377777777778
60	13	0.377777777778
60	14	0.377777777778
60	15	0.0
60	16	0.0869565217391
60	17	0.0833333333333
60	18	1.0
60	19	1.0
60	20	0.0
60	21	0.0
60	22	0.111111111111
60	23	0.0
60	24	0.0
60	25	0.0888888888889
60	26	0.355555555556
60	27	1.0
60	28	0.355555555556
60	29	0.355555555556
60	30	0.355555555556
60	31	0.0
60	32	0.355555555556
60	33	0.333333333333
60	34	0.0444444444444
60	35	0.136363636364
60	36	0.0444444444444
60	37	0.0
60	38	1.0
60	39	0.111111111111
60	40	0.111111111111
60	41	0.166666666667
60	42	0.0
60	43	0.0
60	44	0.0
60	45	1.0
60	46	0.0
60	47	0.0
60	48	0.177777777778
60	49	1.0
60	50	0.333333333333
60	51	0.333333333333
60	52	0.0
60	53	0.0
60	54	0.0
60	55	0.333333333333
60	56	0.0
60	57	0.0
60	58	0.155555555556
60	59	0.0
60	60	1.0
60	61	0.0
60	62	0.0833333333333
60	63	0
60	64	0
60	65	0
60	66	0
61	1	0.0
61	2	0.0
61	3	0.0
61	4	0.0
61	5	0.0
61	6	0.0
61	7	0.0
61	8	0.0
61	9	0.0
61	10	0.0
61	11	0.0
61	12	0.0
61	13	0.0
61	14	0.0
61	15	0.0
61	16	0.0
61	17	0.0
61	18	0.0
61	19	0.0
61	20	0.0
61	21	0.0
61	22	0.0
61	23	0.0
61	24	0.0
61	25	0.333333333333
61	26	0.0
61	27	0.0
61	28	0.0
61	29	0.0
61	30	0.0
61	31	0.0
61	32	0.0
61	33	0.0
61	34	0.0
61	35	0.0
61	36	0.0
61	37	0.0
61	38	0.0
61	39	0.0
61	40	0.0
61	41	0.0
61	42	0.0
61	43	0.0
61	44	0.0
61	45	0.0
61	46	0.0
61	47	0.0
61	48	0.0
61	49	0.0
61	50	0.0
61	51	0.0
61	52	0.0
61	53	0.0
61	54	0.0
61	55	0.0
61	56	0.0
61	57	0.0
61	58	0.0
61	59	0.0
61	60	0.0
61	61	1.0
61	62	0.0
61	63	0
61	64	0
61	65	0
61	66	0
62	1	0.0
62	2	0.0
62	3	0.0
62	4	0.0
62	5	0.0
62	6	0.0
62	7	0.0
62	8	0.0
62	9	0.0
62	10	0.5
62	11	0.5
62	12	0.5
62	13	0.5
62	14	0.5
62	15	0.166666666667
62	16	0.166666666667
62	17	1.0
62	18	0.0833333333333
62	19	0.0833333333333
62	20	0.0
62	21	0.0
62	22	0.333333333333
62	23	0.0
62	24	0.0
62	25	0.0
62	26	0.25
62	27	0.0833333333333
62	28	0.25
62	29	0.25
62	30	0.25
62	31	0.0
62	32	0.25
62	33	0.0
62	34	0.0
62	35	0.0833333333333
62	36	0.0
62	37	0.0
62	38	0.0833333333333
62	39	0.333333333333
62	40	0.333333333333
62	41	0.0
62	42	0.0
62	43	0.0
62	44	0.0
62	45	0.0833333333333
62	46	0.0
62	47	0.0
62	48	0.583333333333
62	49	0.0833333333333
62	50	0.0
62	51	0.0
62	52	0.0
62	53	0.333333333333
62	54	0.0
62	55	0.0
62	56	0.0
62	57	0.0
62	58	0.166666666667
62	59	0.0
62	60	0.0833333333333
62	61	0.0
62	62	1.0
62	63	0
62	64	0
62	65	0
62	66	0
63	1	0
63	2	0
63	3	0
63	4	0
63	5	0
63	6	0
63	7	0
63	8	0
63	9	0
63	10	0
63	11	0
63	12	0
63	13	0
63	14	0
63	15	0
63	16	0
63	17	0
63	18	0
63	19	0
63	20	0
63	21	0
63	22	0
63	23	0
63	24	0
63	25	0
63	26	0
63	27	0
63	28	0
63	29	0
63	30	0
63	31	0
63	32	0
63	33	0
63	34	0
63	35	0
63	36	0
63	37	0
63	38	0
63	39	0
63	40	0
63	41	0
63	42	0
63	43	0
63	44	0
63	45	0
63	46	0
63	47	0
63	48	0
63	49	0
63	50	0
63	51	0
63	52	0
63	53	0
63	54	0
63	55	0
63	56	0
63	57	0
63	58	0
63	59	0
63	60	0
63	61	0
63	62	0
63	63	0
63	64	0
63	65	0
63	66	0
64	1	0
64	2	0
64	3	0
64	4	0
64	5	0
64	6	0
64	7	0
64	8	0
64	9	0
64	10	0
64	11	0
64	12	0
64	13	0
64	14	0
64	15	0
64	16	0
64	17	0
64	18	0
64	19	0
64	20	0
64	21	0
64	22	0
64	23	0
64	24	0
64	25	0
64	26	0
64	27	0
64	28	0
64	29	0
64	30	0
64	31	0
64	32	0
64	33	0
64	34	0
64	35	0
64	36	0
64	37	0
64	38	0
64	39	0
64	40	0
64	41	0
64	42	0
64	43	0
64	44	0
64	45	0
64	46	0
64	47	0
64	48	0
64	49	0
64	50	0
64	51	0
64	52	0
64	53	0
64	54	0
64	55	0
64	56	0
64	57	0
64	58	0
64	59	0
64	60	0
64	61	0
64	62	0
64	63	0
64	64	0
64	65	0
64	66	0
65	1	0
65	2	0
65	3	0
65	4	0
65	5	0
65	6	0
65	7	0
65	8	0
65	9	0
65	10	0
65	11	0
65	12	0
65	13	0
65	14	0
65	15	0
65	16	0
65	17	0
65	18	0
65	19	0
65	20	0
65	21	0
65	22	0
65	23	0
65	24	0
65	25	0
65	26	0
65	27	0
65	28	0
65	29	0
65	30	0
65	31	0
65	32	0
65	33	0
65	34	0
65	35	0
65	36	0
65	37	0
65	38	0
65	39	0
65	40	0
65	41	0
65	42	0
65	43	0
65	44	0
65	45	0
65	46	0
65	47	0
65	48	0
65	49	0
65	50	0
65	51	0
65	52	0
65	53	0
65	54	0
65	55	0
65	56	0
65	57	0
65	58	0
65	59	0
65	60	0
65	61	0
65	62	0
65	63	0
65	64	0
65	65	0
65	66	0
66	1	0
66	2	0
66	3	0
66	4	0
66	5	0
66	6	0
66	7	0
66	8	0
66	9	0
66	10	0
66	11	0
66	12	0
66	13	0
66	14	0
66	15	0
66	16	0
66	17	0
66	18	0
66	19	0
66	20	0
66	21	0
66	22	0
66	23	0
66	24	0
66	25	0
66	26	0
66	27	0
66	28	0
66	29	0
66	30	0
66	31	0
66	32	0
66	33	0
66	34	0
66	35	0
66	36	0
66	37	0
66	38	0
66	39	0
66	40	0
66	41	0
66	42	0
66	43	0
66	44	0
66	45	0
66	46	0
66	47	0
66	48	0
66	49	0
66	50	0
66	51	0
66	52	0
66	53	0
66	54	0
66	55	0
66	56	0
66	57	0
66	58	0
66	59	0
66	60	0
66	61	0
66	62	0
66	63	0
66	64	0
66	65	0
66	66	0
