9	9	
9	15	0.0863844097313506
9	7	0.0926345143272009
9	14	0.0764082609217628
9	12	0.203976093750587
9	34	0.0436595256126187
9	3	0.0364541365463279
9	32	0.165790992226704
9	37	0.298073906084642
9	25	0.0474128358310228
9	16	0.272455357213828
9	6	0.0468152078797969
9	18	0.153794145091912
9	2	0.00505573135777883
9	38	0.155145544223332
9	19	0
9	35	0.111360392667406
9	28	0.0763415449892616
9	1	0.0522116449710263
9	21	0.151591601406091
9	13	0.041616675322325
9	4	0.21030077900964
9	8	0.0763415449892616
9	23	0.21030077900964
9	36	0.0453634692020475
9	17	0.0583722936472863
9	31	0.179221622473221
9	11	0.0966474343359013
9	33	0.0580753177371335
9	5	0.125925944981046
9	26	0.0262150400974316
9	39	0
9	24	0
9	10	0.00534393875265478
9	30	0
9	29	0.15755219577519
9	27	0
9	22	0.204520158831303
9	20	0.0799540287806254
15	9	0.0863844097313506
15	15	
15	7	0.0479081410115526
15	14	0.110238866639775
15	12	0.396239094982273
15	34	0.0680045250638779
15	3	0.0331888139254796
15	32	0.115384947144515
15	37	0.110893908588196
15	25	0.203822584248962
15	16	0.0886727530966377
15	6	1.32467906723593e-05
15	18	0.207874731833003
15	2	0.0508973500577403
15	38	0.124970029648659
15	19	1.33442489103622e-05
15	35	0.192032407547962
15	28	0.191467229256661
15	1	0.113469863279402
15	21	0.158429583457045
15	13	0.187051109760615
15	4	0.405720999399993
15	8	0.191467229256661
15	23	0.405720999399993
15	36	9.73217350993265e-05
15	17	0.0424165397927052
15	31	0.138659060584308
15	11	0.142528229173012
15	33	0.0612413258625243
15	5	0.086040389202637
15	26	0.210387526308188
15	39	1.73667799539368e-05
15	24	3.02571838311847e-05
15	10	0.163538423272844
15	30	0.0876237760793748
15	29	0.169226285006381
15	27	1.73667799539368e-05
15	22	0.025411521305085
15	20	0.165855631565285
7	9	0.0926345143272009
7	15	0.0479081410115526
7	7	
7	14	0.0169833286073196
7	12	0.00060239368074829
7	34	0.00024025404542554
7	3	0.0849777637708191
7	32	0.061743603073237
7	37	0.171902849322332
7	25	8.78004867411777e-05
7	16	0.0620614241771618
7	6	0.151330894419329
7	18	0.0367378418707901
7	2	0
7	38	0.139223110062329
7	19	0
7	35	0.133228744318178
7	28	0.0273019326029902
7	1	0.0374732845938405
7	21	0.0477809655555229
7	13	0.228696915307992
7	4	0.0358201558247497
7	8	0.0273019326029902
7	23	0.0358201558247497
7	36	0.0356012273196195
7	17	0.0129744589474416
7	31	0.000269303984375508
7	11	0.0237390340205244
7	33	0.0481898569092024
7	5	0.0273250302110129
7	26	0.000404731887892453
7	39	0
7	24	0
7	10	0.160481671548689
7	30	0
7	29	0.218980364925515
7	27	0
7	22	0.000124539353897152
7	20	0.0317473055226664
14	9	0.0764082609217628
14	15	0.110238866639775
14	7	0.0169833286073196
14	14	
14	12	0.0462031706930264
14	34	0.177591382821035
14	3	0.130148620971622
14	32	0.177086907067391
14	37	0.0232820035177214
14	25	1.13396731379044e-05
14	16	0.00568576265670525
14	6	0.0519944224280052
14	18	0.159988514444662
14	2	0.504939995699072
14	38	0.119253616686097
14	19	0.583841900959772
14	35	0.367085290486764
14	28	0.253117490230928
14	1	0.174321250544916
14	21	0.122280678504462
14	13	0.0371481582682086
14	4	0.277896389580048
14	8	0.253117490230928
14	23	0.277896389580048
14	36	0.0450476298693854
14	17	0.67750833682389
14	31	0.0135964001950399
14	11	0.482954045615264
14	33	0.490285088000687
14	5	9.40928880070097e-05
14	26	0.106379297308528
14	39	0.703081275279736
14	24	0.366640414555089
14	10	0.108527254184526
14	30	0.381626246765942
14	29	0.249982342608825
14	27	0.703081275279736
14	22	0.138402531115509
14	20	0.107079842648112
12	9	0.203976093750587
12	15	0.396239094982273
12	7	0.00060239368074829
12	14	0.0462031706930264
12	12	
12	34	0.000968595411374022
12	3	0.0002427424834242
12	32	0.000134705180417357
12	37	0.139453929640215
12	25	8.2075440985735e-06
12	16	0.240360493993386
12	6	0.034785566673568
12	18	0.188118976474047
12	2	0.0274118850884916
12	38	0.00264490123069392
12	19	5.19420593608749e-05
12	35	0.00271452776217454
12	28	0.168320485030936
12	1	0.000112604366645966
12	21	0.0287476108748274
12	13	0.0288445711421597
12	4	0.619172202812036
12	8	0.168320485030936
12	23	0.619172202812036
12	36	0.0335276413110599
12	17	0.0214991031701987
12	31	0.155797396300894
12	11	0.000186792599771511
12	33	0.0181036522251806
12	5	0.115281133537287
12	26	0.0943945957793176
12	39	6.75996319713546e-05
12	24	0.000117775114149129
12	10	0.0521831391032704
12	30	0.0205709904259906
12	29	0.000309692511874939
12	27	6.75996319713546e-05
12	22	0.218069257399028
12	20	0.0316567728901731
34	9	0.0436595256126187
34	15	0.0680045250638779
34	7	0.00024025404542554
34	14	0.177591382821035
34	12	0.000968595411374022
34	34	
34	3	0.0190043758068463
34	32	0.00011849693194435
34	37	0.000207877325428873
34	25	0.000113959432891825
34	16	0.000164866138259132
34	6	0
34	18	0.243550729645294
34	2	0.170233789394942
34	38	6.28435923490197e-05
34	19	0
34	35	0
34	28	0.245592557947005
34	1	0.000107532513011196
34	21	0.000131770092232157
34	13	0.00185822724636076
34	4	0.138453838317397
34	8	0.245592557947005
34	23	0.138453838317397
34	36	0.000209098759597324
34	17	0.068755574186874
34	31	0.00217851409739434
34	11	0.000342948161756293
34	33	0.0116070811899778
34	5	6.68097091767135e-05
34	26	0.20129722845522
34	39	0
34	24	0
34	10	0.0808701071804959
34	30	0.293070815678914
34	29	0.244588635972074
34	27	0
34	22	0.102312734511771
34	20	0.129058956713307
3	9	0.0364541365463279
3	15	0.0331888139254796
3	7	0.0849777637708191
3	14	0.130148620971622
3	12	0.0002427424834242
3	34	0.0190043758068463
3	3	
3	32	0.147077554251619
3	37	0.0341085273433557
3	25	0.0329715330388744
3	16	0.0564270824516662
3	6	0.203511205480633
3	18	0.000186209752060278
3	2	0.0838801538326075
3	38	0.44089541043072
3	19	0.038116367348121
3	35	8.70586045592627e-05
3	28	4.80749387965302e-05
3	1	0.201644237901399
3	21	0.126642488862158
3	13	0.0782715459539886
3	4	0.136417956667974
3	8	4.80749387965302e-05
3	23	0.136417956667974
3	36	8.56595054332728e-05
3	17	0.0668523876129326
3	31	0.0723237998008772
3	11	0.10457631550676
3	33	0.0964512272174548
3	5	0.000406312572728508
3	26	0.000360556391597157
3	39	0.0496062812395688
3	24	0.0864262905747728
3	10	0.128580110879742
3	30	0.144405010935346
3	29	0.000274751815730555
3	27	0.0496062812395688
3	22	0.0834425705859334
3	20	0.00674130974286898
32	9	0.165790992226704
32	15	0.115384947144515
32	7	0.061743603073237
32	14	0.177086907067391
32	12	0.000134705180417357
32	34	0.00011849693194435
32	3	0.147077554251619
32	32	
32	37	0.0287228770155434
32	25	5.06044216274405e-07
32	16	0.0632619693238674
32	6	5.77156917355621e-05
32	18	0.0991539493363397
32	2	0.121980673197906
32	38	0.316203338683566
32	19	0.0554444746801452
32	35	0.0534885226408351
32	28	0.0353612056567976
32	1	0.340917112484876
32	21	0.172638104745304
32	13	0.128966261032566
32	4	0.241671980701455
32	8	0.0353612056567976
32	23	0.241671980701455
32	36	7.66088141977601e-05
32	17	0.113968525836961
32	31	0.000128814067626034
32	11	0.215812921471802
32	33	0.160990541819823
32	5	7.9082475062717e-05
32	26	0.132413724882091
32	39	0.0721578260342541
32	24	0.125716604515516
32	10	0.0749613774823894
32	30	0.255970515788543
32	29	0.246159719628328
32	27	0.0721578260342541
32	22	0.121363672038869
32	20	0.0311554748003657
37	9	0.298073906084642
37	15	0.110893908588196
37	7	0.171902849322332
37	14	0.0232820035177214
37	12	0.139453929640215
37	34	0.000207877325428873
37	3	0.0341085273433557
37	32	0.0287228770155434
37	37	
37	25	7.63078618164184e-05
37	16	0.268463012481594
37	6	0.176397717386835
37	18	0.066375819325601
37	2	0
37	38	0.12333350821116
37	19	0
37	35	0.0825739445399961
37	28	0.0494652074561208
37	1	0.0323040208564294
37	21	0.108249614379171
37	13	0.233566543325227
37	4	0.142417263605776
37	8	0.0494652074561208
37	23	0.142417263605776
37	36	0.122813354964295
37	17	0.0463467344110015
37	31	0.22481203833475
37	11	0.128095611772688
37	33	0.127687702212638
37	5	0.242093075668917
37	26	0.0679994073740449
37	39	0
37	24	0
37	10	0.122533282876378
37	30	0
37	29	0.124432290068019
37	27	0
37	22	0.138547398644238
37	20	0.0771550655270955
25	9	0.0474128358310228
25	15	0.203822584248962
25	7	8.78004867411777e-05
25	14	1.13396731379044e-05
25	12	8.2075440985735e-06
25	34	0.000113959432891825
25	3	0.0329715330388744
25	32	5.06044216274405e-07
25	37	7.63078618164184e-05
25	25	
25	16	9.71062083329891e-05
25	6	5.10436923702495e-07
25	18	0
25	2	0.0500362838247655
25	38	3.70148960573431e-05
25	19	0
25	35	0.30395701947858
25	28	0.11843504936118
25	1	6.50420965215668e-05
25	21	0.370440983423411
25	13	0.000173370544757881
25	4	5.27403934672722e-05
25	8	0.11843504936118
25	23	5.27403934672722e-05
25	36	0.176482507573475
25	17	2.29986031230895e-07
25	31	7.19115536099069e-05
25	11	0.105335167922685
25	33	4.72029376901849e-05
25	5	0.00296263396498197
25	26	0.131293778453242
25	39	0
25	24	0
25	10	0.156975084175496
25	30	1.82165315131797e-05
25	29	0.0718861939716753
25	27	0
25	22	4.33395338535528e-05
25	20	0.026906103691721
16	9	0.272455357213828
16	15	0.0886727530966377
16	7	0.0620614241771618
16	14	0.00568576265670525
16	12	0.240360493993386
16	34	0.000164866138259132
16	3	0.0564270824516662
16	32	0.0632619693238674
16	37	0.268463012481594
16	25	9.71062083329891e-05
16	16	
16	6	0.205805774521412
16	18	0.069901646480998
16	2	2.38929397860357e-05
16	38	0.121904116249029
16	19	2.17088499488675e-05
16	35	0.0430514116617273
16	28	0.0520474919880405
16	1	0.0711706414191809
16	21	0.0241002370086554
16	13	0.0521586389362507
16	4	0.249740852631236
16	8	0.0520474919880405
16	23	0.249740852631236
16	36	0.0339059430218755
16	17	0.0170616765263544
16	31	0.376337998992472
16	11	0.0450365456916707
16	33	0.00133989745072213
16	5	0.188710240952462
16	26	0.000169621619126624
16	39	2.82528318114818e-05
16	24	4.92233521780626e-05
16	10	0.0264971344149159
16	30	0.000155980253551914
16	29	0.104028659983029
16	27	2.82528318114818e-05
16	22	0.305369732288592
16	20	0.0487048569588265
6	9	0.0468152078797969
6	15	1.32467906723593e-05
6	7	0.151330894419329
6	14	0.0519944224280052
6	12	0.034785566673568
6	34	0
6	3	0.203511205480633
6	32	5.77156917355621e-05
6	37	0.176397717386835
6	25	5.10436923702495e-07
6	16	0.205805774521412
6	6	
6	18	9.46840246858691e-05
6	2	0.0269831647171926
6	38	0.225466559760245
6	19	2.96120190778721e-05
6	35	0.0318537363745051
6	28	0.0644280275909867
6	1	6.61159149437874e-05
6	21	0.0655071003479157
6	13	0.209869081145589
6	4	2.70182969924908e-05
6	8	0.0644280275909867
6	23	2.70182969924908e-05
6	36	0.168630989938032
6	17	0.0215157774426779
6	31	0.265155546348801
6	11	6.08991193860874e-05
6	33	0.0505731617232321
6	5	3.98844745099344e-05
6	26	1.03832929894576e-06
6	39	3.85383563190162e-05
6	24	0.000308209283533695
6	10	0.13674059182164
6	30	0.000192251418271799
6	29	0.0387181587311319
6	27	3.85383563190162e-05
6	22	4.95600162115449e-05
6	20	0
18	9	0.153794145091912
18	15	0.207874731833003
18	7	0.0367378418707901
18	14	0.159988514444662
18	12	0.188118976474047
18	34	0.243550729645294
18	3	0.000186209752060278
18	32	0.0991539493363397
18	37	0.066375819325601
18	25	0
18	16	0.069901646480998
18	6	9.46840246858691e-05
18	18	
18	2	0.123756188679162
18	38	0.0990689352169919
18	19	9.72829156044174e-05
18	35	0.0444136256863608
18	28	0.73314681484626
18	1	0.111584401447315
18	21	0.0358761174149526
18	13	0.0506443706652568
18	4	0.196540804930504
18	8	0.73314681484626
18	23	0.196540804930504
18	36	0
18	17	0.0729138022400345
18	31	0.000258047893565202
18	11	0.0337459143174906
18	33	0.0726914485976893
18	5	0.000131030510194961
18	26	0.193371244386893
18	39	0.000126608174047726
18	24	0.000220582445729917
18	10	0.0923250019127333
18	30	0.213033498072291
18	29	0.254932693307267
18	27	0.000126608174047726
18	22	0.0616099335863898
18	20	0.151783934996673
2	9	0.00505573135777883
2	15	0.0508973500577403
2	7	0
2	14	0.504939995699072
2	12	0.0274118850884916
2	34	0.170233789394942
2	3	0.0838801538326075
2	32	0.121980673197906
2	37	0
2	25	0.0500362838247655
2	16	2.38929397860357e-05
2	6	0.0269831647171926
2	18	0.123756188679162
2	2	
2	38	0.0834318910228055
2	19	0.525066077240523
2	35	0.319837289109866
2	28	0.184213482527601
2	1	0.137028398916067
2	21	0.0840016190810781
2	13	0
2	4	0.216839271560119
2	8	0.184213482527601
2	23	0.216839271560119
2	36	0.000830297853234763
2	17	0.539108284106858
2	31	0.0254988391475402
2	11	0.424952239295753
2	33	0.506865912692868
2	5	0.0186931654902298
2	26	0.101982188744697
2	39	0.522795903739812
2	24	0.351411704283621
2	10	0.0818744039650015
2	30	0.340383377380221
2	29	0.26459344276493
2	27	0.522795903739812
2	22	0.142521729847669
2	20	0.0815871719017844
38	9	0.155145544223332
38	15	0.124970029648659
38	7	0.139223110062329
38	14	0.119253616686097
38	12	0.00264490123069392
38	34	6.28435923490197e-05
38	3	0.44089541043072
38	32	0.316203338683566
38	37	0.12333350821116
38	25	3.70148960573431e-05
38	16	0.121904116249029
38	6	0.225466559760245
38	18	0.0990689352169919
38	2	0.0834318910228055
38	38	
38	19	0.0363998034016718
38	35	0.0558961423849856
38	28	0.0737649235969253
38	1	0.292962021688286
38	21	0.134688624216502
38	13	0.130815041842824
38	4	0.158697827825109
38	8	0.0737649235969253
38	23	0.158697827825109
38	36	0.030061582553523
38	17	0.0771089924137919
38	31	0.10300955022466
38	11	0.11975233886876
38	33	0.143280401196865
38	5	0.000384926136921804
38	26	7.52955934202206e-05
38	39	0.0473722710277467
38	24	0.0825340976732027
38	10	0.125492429486987
38	30	0.168224206291186
38	29	0.186960716977356
38	27	0.0473722710277467
38	22	0.0796411558562757
38	20	0.0243719078606411
19	9	0
19	15	1.33442489103622e-05
19	7	0
19	14	0.583841900959772
19	12	5.19420593608749e-05
19	34	0
19	3	0.038116367348121
19	32	0.0554444746801452
19	37	0
19	25	0
19	16	2.17088499488675e-05
19	6	2.96120190778721e-05
19	18	9.72829156044174e-05
19	2	0.525066077240523
19	38	0.0363998034016718
19	19	
19	35	0.597487551977065
19	28	7.24350859442281e-05
19	1	0.0622841913803533
19	21	0.0382018639479002
19	13	0
19	4	0.0513754083569374
19	8	7.24350859442281e-05
19	23	0.0513754083569374
19	36	0
19	17	0.866816810418518
19	31	2.79830820148182e-05
19	11	0.688598208650929
19	33	0.803357729857666
19	5	4.09792251707649e-05
19	26	0
19	39	0.9389678054781
19	24	0.624211217439294
19	10	0.0193983816096551
19	30	0.0544321522960286
19	29	2.40386237278805e-05
19	27	0.9389678054781
19	22	0.0314461446749328
19	20	0
35	9	0.111360392667406
35	15	0.192032407547962
35	7	0.133228744318178
35	14	0.367085290486764
35	12	0.00271452776217454
35	34	0
35	3	8.70586045592627e-05
35	32	0.0534885226408351
35	37	0.0825739445399961
35	25	0.30395701947858
35	16	0.0430514116617273
35	6	0.0318537363745051
35	18	0.0444136256863608
35	2	0.319837289109866
35	38	0.0558961423849856
35	19	0.597487551977065
35	35	
35	28	0.0335576245482137
35	1	0.0324185078892467
35	21	0.270204501168963
35	13	0.126533672649015
35	4	1.76401457032675e-05
35	8	0.0335576245482137
35	23	1.76401457032675e-05
35	36	0.0307158242736305
35	17	0.550765962519027
35	31	0.00012064507510848
35	11	0.465783871289002
35	33	0.472180464403028
35	5	0.0040313570985466
35	26	0.000195948877318696
35	39	0.588508865980929
35	24	0.32948084164063
35	10	0.117729043289514
35	30	0.000128023635721843
35	29	0.162130318444687
35	27	0.588508865980929
35	22	3.23575504137412e-05
35	20	0.0213189826923968
28	9	0.0763415449892616
28	15	0.191467229256661
28	7	0.0273019326029902
28	14	0.253117490230928
28	12	0.168320485030936
28	34	0.245592557947005
28	3	4.80749387965302e-05
28	32	0.0353612056567976
28	37	0.0494652074561208
28	25	0.11843504936118
28	16	0.0520474919880405
28	6	0.0644280275909867
28	18	0.73314681484626
28	2	0.184213482527601
28	38	0.0737649235969253
28	19	7.24350859442281e-05
28	35	0.0335576245482137
28	28	
28	1	0.0829357881386473
28	21	0.0267127031725117
28	13	0.0759049837049423
28	4	0.221172157618299
28	8	1
28	23	0.221172157618299
28	36	0.191402825603435
28	17	0.0909737373009523
28	31	0.000127708435473156
28	11	0.119201824719625
28	33	0.048314845786925
28	5	9.75629298147501e-05
28	26	0.337735433723441
28	39	9.42701389181268e-05
28	24	0.000164241668899046
28	10	0.110576225378233
28	30	0.317104485794022
28	29	0.322055769424145
28	27	9.42701389181268e-05
28	22	0.0917010637207035
28	20	0.171364344616004
1	9	0.0522116449710263
1	15	0.113469863279402
1	7	0.0374732845938405
1	14	0.174321250544916
1	12	0.000112604366645966
1	34	0.000107532513011196
1	3	0.201644237901399
1	32	0.340917112484876
1	37	0.0323040208564294
1	25	6.50420965215668e-05
1	16	0.0711706414191809
1	6	6.61159149437874e-05
1	18	0.111584401447315
1	2	0.137028398916067
1	38	0.292962021688286
1	19	0.0622841913803533
1	35	0.0324185078892467
1	28	0.0829357881386473
1	1	
1	21	0.165557860630442
1	13	0.0371886136381409
1	4	0.271551745004247
1	8	0.0829357881386473
1	23	0.271551745004247
1	36	7.08782780371918e-05
1	17	0.109225936864864
1	31	0.000301316947125941
1	11	0.204909831793327
1	33	0.188042746803769
1	5	0.000138190066698945
1	26	0.000460017251870208
1	39	0.0810593277731448
1	24	0.141225200536287
1	10	0.0841140271244174
1	30	0.287547437054364
1	29	0.0787522680198888
1	27	0.0810593277731448
1	22	0.136278286889977
1	20	0.0358089015521366
21	9	0.151591601406091
21	15	0.158429583457045
21	7	0.0477809655555229
21	14	0.122280678504462
21	12	0.0287476108748274
21	34	0.000131770092232157
21	3	0.126642488862158
21	32	0.172638104745304
21	37	0.108249614379171
21	25	0.370440983423411
21	16	0.0241002370086554
21	6	0.0655071003479157
21	18	0.0358761174149526
21	2	0.0840016190810781
21	38	0.134688624216502
21	19	0.0382018639479002
21	35	0.270204501168963
21	28	0.0267127031725117
21	1	0.165557860630442
21	21	
21	13	0.0250713901973852
21	4	0.166455035807227
21	8	0.0267127031725117
21	23	0.166455035807227
21	36	0.0630333373729936
21	17	0.108035932278954
21	31	0.0308931980189081
21	11	0.104759107788803
21	33	0.0883931315647685
21	5	0.000169337787470772
21	26	0.000158587891756302
21	39	0.0497175501948431
21	24	0.0867846419476193
21	10	0.194767616732923
21	30	0.144693014599506
21	29	0.0680506493565472
21	27	0.0497175501948431
21	22	0.145368522379462
21	20	0.0236910095313505
13	9	0.041616675322325
13	15	0.187051109760615
13	7	0.228696915307992
13	14	0.0371481582682086
13	12	0.0288445711421597
13	34	0.00185822724636076
13	3	0.0782715459539886
13	32	0.128966261032566
13	37	0.233566543325227
13	25	0.000173370544757881
13	16	0.0521586389362507
13	6	0.209869081145589
13	18	0.0506443706652568
13	2	0
13	38	0.130815041842824
13	19	0
13	35	0.126533672649015
13	28	0.0759049837049423
13	1	0.0371886136381409
13	21	0.0250713901973852
13	13	
13	4	0.000179444911780259
13	8	0.0759049837049423
13	23	0.000179444911780259
13	36	0.124463481181798
13	17	0.00180420683133845
13	31	0.085263986518369
13	11	0.0857439603298311
13	33	0.094485699732949
13	5	0.00120088544568118
13	26	0.0781646506536787
13	39	0
13	24	0
13	10	0.189797670577703
13	30	0.000103530168071195
13	29	0.0839027289498972
13	27	0
13	22	0.00127659050353025
13	20	0.0274665051781956
4	9	0.21030077900964
4	15	0.405720999399993
4	7	0.0358201558247497
4	14	0.277896389580048
4	12	0.619172202812036
4	34	0.138453838317397
4	3	0.136417956667974
4	32	0.241671980701455
4	37	0.142417263605776
4	25	5.27403934672722e-05
4	16	0.249740852631236
4	6	2.70182969924908e-05
4	18	0.196540804930504
4	2	0.216839271560119
4	38	0.158697827825109
4	19	0.0513754083569374
4	35	1.76401457032675e-05
4	28	0.221172157618299
4	1	0.271551745004247
4	21	0.166455035807227
4	13	0.000179444911780259
4	4	
4	8	0.221172157618299
4	23	1
4	36	5.74727518311885e-05
4	17	0.151197361882912
4	31	0.160973148914366
4	11	0.140898803076982
4	33	0.118883609083051
4	5	0.150055248170725
4	26	0.0829978493957365
4	39	0.0668621679625397
4	24	0.11649027123969
4	10	0.116460909428246
4	30	0.41590692270252
4	29	0.186815774575023
4	27	0.0668621679625397
4	22	0.355364193223712
4	20	0.0980972707021531
8	9	0.0763415449892616
8	15	0.191467229256661
8	7	0.0273019326029902
8	14	0.253117490230928
8	12	0.168320485030936
8	34	0.245592557947005
8	3	4.80749387965302e-05
8	32	0.0353612056567976
8	37	0.0494652074561208
8	25	0.11843504936118
8	16	0.0520474919880405
8	6	0.0644280275909867
8	18	0.73314681484626
8	2	0.184213482527601
8	38	0.0737649235969253
8	19	7.24350859442281e-05
8	35	0.0335576245482137
8	28	1
8	1	0.0829357881386473
8	21	0.0267127031725117
8	13	0.0759049837049423
8	4	0.221172157618299
8	8	
8	23	0.221172157618299
8	36	0.191402825603435
8	17	0.0909737373009523
8	31	0.000127708435473156
8	11	0.119201824719625
8	33	0.048314845786925
8	5	9.75629298147501e-05
8	26	0.337735433723441
8	39	9.42701389181268e-05
8	24	0.000164241668899046
8	10	0.110576225378233
8	30	0.317104485794022
8	29	0.322055769424145
8	27	9.42701389181268e-05
8	22	0.0917010637207035
8	20	0.171364344616004
23	9	0.21030077900964
23	15	0.405720999399993
23	7	0.0358201558247497
23	14	0.277896389580048
23	12	0.619172202812036
23	34	0.138453838317397
23	3	0.136417956667974
23	32	0.241671980701455
23	37	0.142417263605776
23	25	5.27403934672722e-05
23	16	0.249740852631236
23	6	2.70182969924908e-05
23	18	0.196540804930504
23	2	0.216839271560119
23	38	0.158697827825109
23	19	0.0513754083569374
23	35	1.76401457032675e-05
23	28	0.221172157618299
23	1	0.271551745004247
23	21	0.166455035807227
23	13	0.000179444911780259
23	4	1
23	8	0.221172157618299
23	23	
23	36	5.74727518311885e-05
23	17	0.151197361882912
23	31	0.160973148914366
23	11	0.140898803076982
23	33	0.118883609083051
23	5	0.150055248170725
23	26	0.0829978493957365
23	39	0.0668621679625397
23	24	0.11649027123969
23	10	0.116460909428246
23	30	0.41590692270252
23	29	0.186815774575023
23	27	0.0668621679625397
23	22	0.355364193223712
23	20	0.0980972707021531
36	9	0.0453634692020475
36	15	9.73217350993265e-05
36	7	0.0356012273196195
36	14	0.0450476298693854
36	12	0.0335276413110599
36	34	0.000209098759597324
36	3	8.56595054332728e-05
36	32	7.66088141977601e-05
36	37	0.122813354964295
36	25	0.176482507573475
36	16	0.0339059430218755
36	6	0.168630989938032
36	18	0
36	2	0.000830297853234763
36	38	0.030061582553523
36	19	0
36	35	0.0307158242736305
36	28	0.191402825603435
36	1	7.08782780371918e-05
36	21	0.0630333373729936
36	13	0.124463481181798
36	4	5.74727518311885e-05
36	8	0.191402825603435
36	23	5.74727518311885e-05
36	36	
36	17	0.0207829017091034
36	31	0.0437198037468498
36	11	0.111691868767103
36	33	8.31340920125493e-05
36	5	4.28818722877859e-05
36	26	0.143074676731503
36	39	0
36	24	0
36	10	0.0321444801849192
36	30	0.00142927200655056
36	29	0.0375571179461495
36	27	0
36	22	0.000121994638015963
36	20	0.0293203694276208
17	9	0.0583722936472863
17	15	0.0424165397927052
17	7	0.0129744589474416
17	14	0.67750833682389
17	12	0.0214991031701987
17	34	0.068755574186874
17	3	0.0668523876129326
17	32	0.113968525836961
17	37	0.0463467344110015
17	25	2.29986031230895e-07
17	16	0.0170616765263544
17	6	0.0215157774426779
17	18	0.0729138022400345
17	2	0.539108284106858
17	38	0.0771089924137919
17	19	0.866816810418518
17	35	0.550765962519027
17	28	0.0909737373009523
17	1	0.109225936864864
17	21	0.108035932278954
17	13	0.00180420683133845
17	4	0.151197361882912
17	8	0.0909737373009523
17	23	0.151197361882912
17	36	0.0207829017091034
17	17	
17	31	0.0225740970721586
17	11	0.668734632665292
17	33	0.681895760995115
17	5	0.00128035582502949
17	26	0.0406346071234926
17	39	0.872235980016745
17	24	0.5029656293797
17	10	0.0821919000752029
17	30	0.183031084157395
17	29	0.104826091350783
17	27	0.872235980016745
17	22	0.0813621921766919
17	20	0.0492960523008185
31	9	0.179221622473221
31	15	0.138659060584308
31	7	0.000269303984375508
31	14	0.0135964001950399
31	12	0.155797396300894
31	34	0.00217851409739434
31	3	0.0723237998008772
31	32	0.000128814067626034
31	37	0.22481203833475
31	25	7.19115536099069e-05
31	16	0.376337998992472
31	6	0.265155546348801
31	18	0.000258047893565202
31	2	0.0254988391475402
31	38	0.10300955022466
31	19	2.79830820148182e-05
31	35	0.00012064507510848
31	28	0.000127708435473156
31	1	0.000301316947125941
31	21	0.0308931980189081
31	13	0.085263986518369
31	4	0.160973148914366
31	8	0.000127708435473156
31	23	0.160973148914366
31	36	0.0437198037468498
31	17	0.0225740970721586
31	31	
31	11	0.0754645354697116
31	33	0.0187994289966737
31	5	0.248667798278089
31	26	0.0968091867186795
31	39	3.64183875052674e-05
31	24	0.0075444955387995
31	10	0.0710209778420977
31	30	7.24017235720546e-05
31	29	0.000132497098104002
31	27	3.64183875052674e-05
31	22	0.198376592343607
31	20	0.00335078130342367
11	9	0.0966474343359013
11	15	0.142528229173012
11	7	0.0237390340205244
11	14	0.482954045615264
11	12	0.000186792599771511
11	34	0.000342948161756293
11	3	0.10457631550676
11	32	0.215812921471802
11	37	0.128095611772688
11	25	0.105335167922685
11	16	0.0450365456916707
11	6	6.08991193860874e-05
11	18	0.0337459143174906
11	2	0.424952239295753
11	38	0.11975233886876
11	19	0.688598208650929
11	35	0.465783871289002
11	28	0.119201824719625
11	1	0.204909831793327
11	21	0.104759107788803
11	13	0.0857439603298311
11	4	0.140898803076982
11	8	0.119201824719625
11	23	0.140898803076982
11	36	0.111691868767103
11	17	0.668734632665292
11	31	0.0754645354697116
11	11	
11	33	0.557845874136442
11	5	0.00243413674988646
11	26	0.176003248346021
11	39	0.696174559900639
11	24	0.43780639232806
11	10	0.0810574780930769
11	30	0.149232802283724
11	29	0.049957145922383
11	27	0.696174559900639
11	22	0.0864159176031808
11	20	0.0222322745494294
33	9	0.0580753177371335
33	15	0.0612413258625243
33	7	0.0481898569092024
33	14	0.490285088000687
33	12	0.0181036522251806
33	34	0.0116070811899778
33	3	0.0964512272174548
33	32	0.160990541819823
33	37	0.127687702212638
33	25	4.72029376901849e-05
33	16	0.00133989745072213
33	6	0.0505731617232321
33	18	0.0726914485976893
33	2	0.506865912692868
33	38	0.143280401196865
33	19	0.803357729857666
33	35	0.472180464403028
33	28	0.048314845786925
33	1	0.188042746803769
33	21	0.0883931315647685
33	13	0.094485699732949
33	4	0.118883609083051
33	8	0.048314845786925
33	23	0.118883609083051
33	36	8.31340920125493e-05
33	17	0.681895760995115
33	31	0.0187994289966737
33	11	0.557845874136442
33	33	
33	5	0.0985009465558861
33	26	0.0248802022930492
33	39	0.733980942025042
33	24	0.595230710222592
33	10	0.0769988049597578
33	30	0.106717902927182
33	29	0.000787961345033202
33	27	0.733980942025042
33	22	0.0506462246003081
33	20	0.0206931591002942
5	9	0.125925944981046
5	15	0.086040389202637
5	7	0.0273250302110129
5	14	9.40928880070097e-05
5	12	0.115281133537287
5	34	6.68097091767135e-05
5	3	0.000406312572728508
5	32	7.9082475062717e-05
5	37	0.242093075668917
5	25	0.00296263396498197
5	16	0.188710240952462
5	6	3.98844745099344e-05
5	18	0.000131030510194961
5	2	0.0186931654902298
5	38	0.000384926136921804
5	19	4.09792251707649e-05
5	35	0.0040313570985466
5	28	9.75629298147501e-05
5	1	0.000138190066698945
5	21	0.000169337787470772
5	13	0.00120088544568118
5	4	0.150055248170725
5	8	9.75629298147501e-05
5	23	0.150055248170725
5	36	4.28818722877859e-05
5	17	0.00128035582502949
5	31	0.248667798278089
5	11	0.00243413674988646
5	33	0.0985009465558861
5	5	
5	26	8.00475674712359e-05
5	39	5.33321276457053e-05
5	24	9.29176274798434e-05
5	10	0.000191403971505407
5	30	7.7638562749377e-05
5	29	0.0288612545525315
5	27	5.33321276457053e-05
5	22	0.144155938067196
5	20	0.136644901299226
26	9	0.0262150400974316
26	15	0.210387526308188
26	7	0.000404731887892453
26	14	0.106379297308528
26	12	0.0943945957793176
26	34	0.20129722845522
26	3	0.000360556391597157
26	32	0.132413724882091
26	37	0.0679994073740449
26	25	0.131293778453242
26	16	0.000169621619126624
26	6	1.03832929894576e-06
26	18	0.193371244386893
26	2	0.101982188744697
26	38	7.52955934202206e-05
26	19	0
26	35	0.000195948877318696
26	28	0.337735433723441
26	1	0.000460017251870208
26	21	0.000158587891756302
26	13	0.0781646506536787
26	4	0.0829978493957365
26	8	0.337735433723441
26	23	0.0829978493957365
26	36	0.143074676731503
26	17	0.0406346071234926
26	31	0.0968091867186795
26	11	0.176003248346021
26	33	0.0248802022930492
26	5	8.00475674712359e-05
26	26	
26	39	0
26	24	0.0372669764463827
26	10	0.102407872861757
26	30	0.175551805863019
26	29	0.146515720068601
26	27	0
26	22	0.0507491812937699
26	20	0.186561013083931
39	9	0
39	15	1.73667799539368e-05
39	7	0
39	14	0.703081275279736
39	12	6.75996319713546e-05
39	34	0
39	3	0.0496062812395688
39	32	0.0721578260342541
39	37	0
39	25	0
39	16	2.82528318114818e-05
39	6	3.85383563190162e-05
39	18	0.000126608174047726
39	2	0.522795903739812
39	38	0.0473722710277467
39	19	0.9389678054781
39	35	0.588508865980929
39	28	9.42701389181268e-05
39	1	0.0810593277731448
39	21	0.0497175501948431
39	13	0
39	4	0.0668621679625397
39	8	9.42701389181268e-05
39	23	0.0668621679625397
39	36	0
39	17	0.872235980016745
39	31	3.64183875052674e-05
39	11	0.696174559900639
39	33	0.733980942025042
39	5	5.33321276457053e-05
39	26	0
39	39	
39	24	0.538567297793476
39	10	0.0252458888574665
39	30	0.0708403461067218
39	29	3.12848996958835e-05
39	27	1
39	22	0.0409253663235509
39	20	0
24	9	0
24	15	3.02571838311847e-05
24	7	0
24	14	0.366640414555089
24	12	0.000117775114149129
24	34	0
24	3	0.0864262905747728
24	32	0.125716604515516
24	37	0
24	25	0
24	16	4.92233521780626e-05
24	6	0.000308209283533695
24	18	0.000220582445729917
24	2	0.351411704283621
24	38	0.0825340976732027
24	19	0.624211217439294
24	35	0.32948084164063
24	28	0.000164241668899046
24	1	0.141225200536287
24	21	0.0867846419476193
24	13	0
24	4	0.11649027123969
24	8	0.000164241668899046
24	23	0.11649027123969
24	36	0
24	17	0.5029656293797
24	31	0.0075444955387995
24	11	0.43780639232806
24	33	0.595230710222592
24	5	9.29176274798434e-05
24	26	0.0372669764463827
24	39	0.538567297793476
24	24	
24	10	0.0439845211471609
24	30	0.123421231828871
24	29	5.45059569908318e-05
24	27	0.538567297793476
24	22	0.0713020108215025
24	20	0
10	9	0.00534393875265478
10	15	0.163538423272844
10	7	0.160481671548689
10	14	0.108527254184526
10	12	0.0521831391032704
10	34	0.0808701071804959
10	3	0.128580110879742
10	32	0.0749613774823894
10	37	0.122533282876378
10	25	0.156975084175496
10	16	0.0264971344149159
10	6	0.13674059182164
10	18	0.0923250019127333
10	2	0.0818744039650015
10	38	0.125492429486987
10	19	0.0193983816096551
10	35	0.117729043289514
10	28	0.110576225378233
10	1	0.0841140271244174
10	21	0.194767616732923
10	13	0.189797670577703
10	4	0.116460909428246
10	8	0.110576225378233
10	23	0.116460909428246
10	36	0.0321444801849192
10	17	0.0821919000752029
10	31	0.0710209778420977
10	11	0.0810574780930769
10	33	0.0769988049597578
10	5	0.000191403971505407
10	26	0.102407872861757
10	39	0.0252458888574665
10	24	0.0439845211471609
10	10	
10	30	0.15710006849747
10	29	0.0564726216231456
10	27	0.0252458888574665
10	22	0.0807466148663758
10	20	0.0999633030346034
30	9	0
30	15	0.0876237760793748
30	7	0
30	14	0.381626246765942
30	12	0.0205709904259906
30	34	0.293070815678914
30	3	0.144405010935346
30	32	0.255970515788543
30	37	0
30	25	1.82165315131797e-05
30	16	0.000155980253551914
30	6	0.000192251418271799
30	18	0.213033498072291
30	2	0.340383377380221
30	38	0.168224206291186
30	19	0.0544321522960286
30	35	0.000128023635721843
30	28	0.317104485794022
30	1	0.287547437054364
30	21	0.144693014599506
30	13	0.000103530168071195
30	4	0.41590692270252
30	8	0.317104485794022
30	23	0.41590692270252
30	36	0.00142927200655056
30	17	0.183031084157395
30	31	7.24017235720546e-05
30	11	0.149232802283724
30	33	0.106717902927182
30	5	7.7638562749377e-05
30	26	0.175551805863019
30	39	0.0708403461067218
30	24	0.123421231828871
30	10	0.15710006849747
30	30	
30	29	0.315615949136521
30	27	0.0708403461067218
30	22	0.228303743154054
30	20	0.140443890633399
29	9	0.15755219577519
29	15	0.169226285006381
29	7	0.218980364925515
29	14	0.249982342608825
29	12	0.000309692511874939
29	34	0.244588635972074
29	3	0.000274751815730555
29	32	0.246159719628328
29	37	0.124432290068019
29	25	0.0718861939716753
29	16	0.104028659983029
29	6	0.0387181587311319
29	18	0.254932693307267
29	2	0.26459344276493
29	38	0.186960716977356
29	19	2.40386237278805e-05
29	35	0.162130318444687
29	28	0.322055769424145
29	1	0.0787522680198888
29	21	0.0680506493565472
29	13	0.0839027289498972
29	4	0.186815774575023
29	8	0.322055769424145
29	23	0.186815774575023
29	36	0.0375571179461495
29	17	0.104826091350783
29	31	0.000132497098104002
29	11	0.049957145922383
29	33	0.000787961345033202
29	5	0.0288612545525315
29	26	0.146515720068601
29	39	3.12848996958835e-05
29	24	5.45059569908318e-05
29	10	0.0564726216231456
29	30	0.315615949136521
29	29	
29	27	3.12848996958835e-05
29	22	0.0916962629310615
29	20	0.168471837094097
27	9	0
27	15	1.73667799539368e-05
27	7	0
27	14	0.703081275279736
27	12	6.75996319713546e-05
27	34	0
27	3	0.0496062812395688
27	32	0.0721578260342541
27	37	0
27	25	0
27	16	2.82528318114818e-05
27	6	3.85383563190162e-05
27	18	0.000126608174047726
27	2	0.522795903739812
27	38	0.0473722710277467
27	19	0.9389678054781
27	35	0.588508865980929
27	28	9.42701389181268e-05
27	1	0.0810593277731448
27	21	0.0497175501948431
27	13	0
27	4	0.0668621679625397
27	8	9.42701389181268e-05
27	23	0.0668621679625397
27	36	0
27	17	0.872235980016745
27	31	3.64183875052674e-05
27	11	0.696174559900639
27	33	0.733980942025042
27	5	5.33321276457053e-05
27	26	0
27	39	1
27	24	0.538567297793476
27	10	0.0252458888574665
27	30	0.0708403461067218
27	29	3.12848996958835e-05
27	27	
27	22	0.0409253663235509
27	20	0
22	9	0.204520158831303
22	15	0.025411521305085
22	7	0.000124539353897152
22	14	0.138402531115509
22	12	0.218069257399028
22	34	0.102312734511771
22	3	0.0834425705859334
22	32	0.121363672038869
22	37	0.138547398644238
22	25	4.33395338535528e-05
22	16	0.305369732288592
22	6	4.95600162115449e-05
22	18	0.0616099335863898
22	2	0.142521729847669
22	38	0.0796411558562757
22	19	0.0314461446749328
22	35	3.23575504137412e-05
22	28	0.0917010637207035
22	1	0.136278286889977
22	21	0.145368522379462
22	13	0.00127659050353025
22	4	0.355364193223712
22	8	0.0917010637207035
22	23	0.355364193223712
22	36	0.000121994638015963
22	17	0.0813621921766919
22	31	0.198376592343607
22	11	0.0864159176031808
22	33	0.0506462246003081
22	5	0.144155938067196
22	26	0.0507491812937699
22	39	0.0409253663235509
22	24	0.0713020108215025
22	10	0.0807466148663758
22	30	0.228303743154054
22	29	0.0916962629310615
22	27	0.0409253663235509
22	22	
22	20	0.0406246577508336
20	9	0.0799540287806254
20	15	0.165855631565285
20	7	0.0317473055226664
20	14	0.107079842648112
20	12	0.0316567728901731
20	34	0.129058956713307
20	3	0.00674130974286898
20	32	0.0311554748003657
20	37	0.0771550655270955
20	25	0.026906103691721
20	16	0.0487048569588265
20	6	0
20	18	0.151783934996673
20	2	0.0815871719017844
20	38	0.0243719078606411
20	19	0
20	35	0.0213189826923968
20	28	0.171364344616004
20	1	0.0358089015521366
20	21	0.0236910095313505
20	13	0.0274665051781956
20	4	0.0980972707021531
20	8	0.171364344616004
20	23	0.0980972707021531
20	36	0.0293203694276208
20	17	0.0492960523008185
20	31	0.00335078130342367
20	11	0.0222322745494294
20	33	0.0206931591002942
20	5	0.136644901299226
20	26	0.186561013083931
20	39	0
20	24	0
20	10	0.0999633030346034
20	30	0.140443890633399
20	29	0.168471837094097
20	27	0
20	22	0.0406246577508336
20	20	
9	most of the annotation approaches tackling these issues, however, are aimed at performing classifications at either the document level , or the sentence or word level . 
15	this amounts to performing binary text categorization under categories objective and subjective ; 2. determining document orientation , as in deciding if a given subjective text expresses a positive or a negative opinion on its subject matter ; 3. determining the strength of document orientation, as in deciding e.g. 
7	admittedly, the high accuracy achieved using such a simple set of features is somewhat surprising, although it is consistent with previous results on document-level subjectivity classification in which accuracies of 94-97% were obtained . 
14	other research efforts analyze opinion expressions at the sentence level or below to recognize opinions, their polarity, and their strength , pang and lee , wilson et al , yu and hatzivassiloglou , wiebe and riloff ). 
12	for example, researchers have identified semantic correlation between words and views: positive words tend to appear more frequently in positive movie and product reviews and newswire article sentences that have a positive semantic orientation and vice versa for negative reviews or sentences with a negative semantic orientation. 
34	we wish to study opinion in general; our work most closely resembles that of . 
3	interestingly, yu and hatzivassiloglou compared an individual-preference classifier against a relationship-based method, but didn‚Äôt combine the two; the ability to coordinate such algorithms is precisely one of the strengths of our approach. 
32	the annotations in yu and hatzivassiloglou are sentence-level subjective vs. objective and polarity judgments. 
37	the second is subjectivity classification of sentences, clauses, phrases, or word instances in the context of a particular text or conversation, either subjective/objective classifications or positive/negative sentiment classifications ). 
25	this approach has been recently applied to the construction of paragraph-long answers ). 
16	second, a number of methods for subjectivity or sentiment analysis start with a set of seed words and then search through wordnet to find other subjective words . 
6	turney proposed the unsupervised method for sentiment classification , and similar method is utilized by many other researchers . 
18	there are studies on learning subjective language , identifying opinionated documents and sentences , and discriminating between positive and negative language . 
2	many applications could benefit from these opinion analyzers, including product reputation tracking , yi et al ), opinion-oriented summarization ), and question answering , yu and hatzivassiloglou ). 
38	yu and hatzivassiloglou provide methods for sentence-level analysis and for determining whether a document is subjective or not, but do not combine these two types of algorithms or consider document polarity classification. 
19	dave et al , riloff and wiebe , bethard et al , wilson et al , yu and hatzivassiloglou , choi et al , kim and hovy , wiebe and riloff ). 
35	there have been attempts on tackling this so-called document-level subjectivity classification task, with very encouraging results and wiebe et al for details). 
28	so far research in automatic opinion recognition has primarily addressed learning subjective language , identifying opinionated documents and sentences , and discriminating between positive and negative language . 
1	yu and hatzivassiloglou ) and classifying the polarity based solely on the subjective portions of the document ). 
21	yu and hatzivassiloglou extend this approach by applying it at the sentence level , taking into account non-adjectival parts-of-speech, and 1 for domain-specificity of sentiment classification see engstr√∂m and aue and gamon . 
13	there is also a considerable amount of research on classification of text as subjective or objectiveù , a task that is not relevant for the processing of very brief pieces of direct customer feedback. 
4	yu and hatzivassiloglou identified the polarity of opinion sentences using semantically oriented words. 
8	so far, research in automatic opinion recognition has primarily addressed learning subjective language , identifying opinionated documents and sentences , and discriminating between positive and negative language . 
23	yu and hatzivassiloglou identified the polarity of opinion sentences using semantically oriented words. 
36	the field of sentiment classification has received considerable attention from researchers in recent years . 
17	riloff and wiebe , bethard et al , wilson et al , yu and hatzivassiloglou , wiebe and riloff ) have shown that sentiment information can be extracted at the sentence, clause, or individual opinion expression level . 
31	the first group includes methods that rely on syntactic or co-occurrence patterns of words in large texts to determine their sentiment and others). 
11	in addition to appraisal theory, subjectivity annotation of text in context has also been performed in yu and hatzivassiloglou , bruce and wiebe , and wiebe et al . 
33	there is a large body of work on classifying the polarity of a document , turney ), a sentence , yu and hatzivassiloglou , kim and hovy , gamon et al ), a phrase ), and a specific object mentioned in a document , yi et al , popescu and etzioni ). 
5	lexical cues of differing complexities have been used, including single words and ngrams ), as well as phrases and lexico-syntactic patterns (e.g, 
26	most prior work on the specific problem of categorizing expressly opinionated text has focused on the binary distinction of positive vs. negative . 
39	dave et al , riloff and wiebe , bethard et al , pang and lee , wilson et al , yu and hatzivassiloglou , wiebe and riloff ). 
24	yu and hatzivassiloglou , kim and hovy , hu and liu , and grefenstette et al all begin by first creating prior-polarity lexicons. 
10	for example, the following opinions contain claims but no sentiments: ‚Äúi believe the world is flat‚Äù ‚Äúthe gap is likely to go bankrupt‚Äù ‚Äúbin laden is hiding in pakistan‚Äù ‚Äúwater always flushes anti-clockwise in the southern hemisphere‚Äù like yu and hatzivassiloglou , we want to automatically identify sentiments, which in this work we define as an explicit or implicit expression in text of the holder‚Äôs positive, negative, or neutral regard toward the claim about the topic. 
30	for example, yu and hatzivassiloglou separated facts from opinions and assigned polarities only to opinions. 
29	in analyzing opinions , judging document-level subjectivity , and answering opinion questions , the output of a sentence-level subjectivity classification can be used without modification. 
27	dave et al , riloff and wiebe , bethard et al , pang and lee , wilson et al , yu and hatzivassiloglou , wiebe and riloff ). 
22	following the insight of yu and hatzivassiloglou , we made the basic and rough assumption that words that appear more often in newspaper editorials and letters to the editor than in non-editorial news articles could be potential opinion-bearing words . 
20	recent computational work either focuses on sentence ‚Äòsubjectivity‚Äô , concentrates just on explicit statements of evaluation, such as of films , or focuses on just one aspect of opinion, e.g., on adjectives. 
