1	1	1.0
1	2	1.0
1	3	1.0
1	4	1.0
1	5	1.0
1	6	0.8
1	7	0
1	8	0.2
1	9	0.8
1	10	0.8
1	11	0.8
1	12	0.8
1	13	0.4
1	14	1.0
1	15	1.0
1	16	0.4
1	17	0.8
1	18	0.8
1	19	0.8
1	20	0.8
1	21	0.8
1	22	0.8
1	23	0.8
1	24	0.4
1	25	1.0
1	26	0
1	27	0.8
1	28	0.8
1	29	1.0
1	30	0.8
1	31	0.8
1	32	0.4
1	33	0.2
1	34	0.8
1	35	1.0
1	36	0.4
1	37	1.0
1	38	0.8
1	39	1.0
1	40	0.2
1	41	1.0
1	42	0.2
1	43	0.4
1	44	1.0
1	45	1.0
1	46	0.4
1	47	0.8
1	48	0.2
1	49	0.4
2	1	1.0
2	2	1.0
2	3	1.0
2	4	1.0
2	5	1.0
2	6	0.8
2	7	0
2	8	0.2
2	9	0.8
2	10	0.8
2	11	0.8
2	12	0.8
2	13	0.4
2	14	1.0
2	15	1.0
2	16	0.4
2	17	0.8
2	18	0.8
2	19	0.8
2	20	0.8
2	21	0.8
2	22	0.8
2	23	0.8
2	24	0.4
2	25	1.0
2	26	0
2	27	0.8
2	28	0.8
2	29	1.0
2	30	0.8
2	31	0.8
2	32	0.4
2	33	0.2
2	34	0.8
2	35	1.0
2	36	0.4
2	37	1.0
2	38	0.8
2	39	1.0
2	40	0.2
2	41	1.0
2	42	0.2
2	43	0.4
2	44	1.0
2	45	1.0
2	46	0.4
2	47	0.8
2	48	0.2
2	49	0.4
3	1	1.0
3	2	1.0
3	3	1.0
3	4	1.0
3	5	1.0
3	6	0.8
3	7	0
3	8	0.2
3	9	0.8
3	10	0.8
3	11	0.8
3	12	0.8
3	13	0.4
3	14	1.0
3	15	1.0
3	16	0.4
3	17	0.8
3	18	0.8
3	19	0.8
3	20	0.8
3	21	0.8
3	22	0.8
3	23	0.8
3	24	0.4
3	25	1.0
3	26	0
3	27	0.8
3	28	0.8
3	29	1.0
3	30	0.8
3	31	0.8
3	32	0.4
3	33	0.2
3	34	0.8
3	35	1.0
3	36	0.4
3	37	1.0
3	38	0.8
3	39	1.0
3	40	0.2
3	41	1.0
3	42	0.2
3	43	0.4
3	44	1.0
3	45	1.0
3	46	0.4
3	47	0.8
3	48	0.2
3	49	0.4
4	1	1.0
4	2	1.0
4	3	1.0
4	4	1.0
4	5	1.0
4	6	0.8
4	7	0
4	8	0.2
4	9	0.8
4	10	0.8
4	11	0.8
4	12	0.8
4	13	0.4
4	14	1.0
4	15	1.0
4	16	0.4
4	17	0.8
4	18	0.8
4	19	0.8
4	20	0.8
4	21	0.8
4	22	0.8
4	23	0.8
4	24	0.4
4	25	1.0
4	26	0
4	27	0.8
4	28	0.8
4	29	1.0
4	30	0.8
4	31	0.8
4	32	0.4
4	33	0.2
4	34	0.8
4	35	1.0
4	36	0.4
4	37	1.0
4	38	0.8
4	39	1.0
4	40	0.2
4	41	1.0
4	42	0.2
4	43	0.4
4	44	1.0
4	45	1.0
4	46	0.4
4	47	0.8
4	48	0.2
4	49	0.4
5	1	1.0
5	2	1.0
5	3	1.0
5	4	1.0
5	5	1.0
5	6	0.8
5	7	0
5	8	0.2
5	9	0.8
5	10	0.8
5	11	0.8
5	12	0.8
5	13	0.4
5	14	1.0
5	15	1.0
5	16	0.4
5	17	0.8
5	18	0.8
5	19	0.8
5	20	0.8
5	21	0.8
5	22	0.8
5	23	0.8
5	24	0.4
5	25	1.0
5	26	0
5	27	0.8
5	28	0.8
5	29	1.0
5	30	0.8
5	31	0.8
5	32	0.4
5	33	0.2
5	34	0.8
5	35	1.0
5	36	0.4
5	37	1.0
5	38	0.8
5	39	1.0
5	40	0.2
5	41	1.0
5	42	0.2
5	43	0.4
5	44	1.0
5	45	1.0
5	46	0.4
5	47	0.8
5	48	0.2
5	49	0.4
6	1	0.8
6	2	0.8
6	3	0.8
6	4	0.8
6	5	0.8
6	6	1.0
6	7	0
6	8	0
6	9	0.6
6	10	0.6
6	11	0.6
6	12	0.6
6	13	0.2
6	14	0.8
6	15	0.8
6	16	0.2
6	17	1.0
6	18	0.6
6	19	1.0
6	20	0.6
6	21	0.6
6	22	0.6
6	23	0.6
6	24	0.2
6	25	0.8
6	26	0
6	27	0.6
6	28	1.0
6	29	0.8
6	30	0.6
6	31	0.6
6	32	0.2
6	33	0
6	34	0.6
6	35	0.8
6	36	0.2
6	37	0.8
6	38	0.6
6	39	0.8
6	40	0
6	41	0.8
6	42	0
6	43	0.2
6	44	0.8
6	45	0.8
6	46	0.2
6	47	0.6
6	48	0
6	49	0.2
7	1	0
7	2	0
7	3	0
7	4	0
7	5	0
7	6	0
7	7	1.0
7	8	0
7	9	0
7	10	0
7	11	0
7	12	0
7	13	0
7	14	0
7	15	0
7	16	0
7	17	0
7	18	0
7	19	0
7	20	0
7	21	0
7	22	0
7	23	0
7	24	0
7	25	0
7	26	0
7	27	0
7	28	0
7	29	0
7	30	0
7	31	0
7	32	0
7	33	0
7	34	0
7	35	0
7	36	0
7	37	0
7	38	0
7	39	0
7	40	0
7	41	0
7	42	0
7	43	0
7	44	0
7	45	0
7	46	0
7	47	0
7	48	0
7	49	0
8	1	0.2
8	2	0.2
8	3	0.2
8	4	0.2
8	5	0.2
8	6	0
8	7	0
8	8	1.0
8	9	0.4
8	10	0.4
8	11	0.4
8	12	0.4
8	13	0.8
8	14	0.2
8	15	0.2
8	16	0.8
8	17	0
8	18	0.4
8	19	0
8	20	0.4
8	21	0.4
8	22	0.4
8	23	0.4
8	24	0.8
8	25	0.2
8	26	0.8
8	27	0.4
8	28	0
8	29	0.2
8	30	0.4
8	31	0.4
8	32	0.8
8	33	1.0
8	34	0.4
8	35	0.2
8	36	0.8
8	37	0.2
8	38	0.4
8	39	0.2
8	40	1.0
8	41	0.2
8	42	1.0
8	43	0.8
8	44	0.2
8	45	0.2
8	46	0.8
8	47	0.4
8	48	1.0
8	49	0.8
9	1	0.8
9	2	0.8
9	3	0.8
9	4	0.8
9	5	0.8
9	6	0.6
9	7	0
9	8	0.4
9	9	1.0
9	10	1.0
9	11	1.0
9	12	1.0
9	13	0.6
9	14	0.8
9	15	0.8
9	16	0.6
9	17	0.6
9	18	1.0
9	19	0.6
9	20	1.0
9	21	1.0
9	22	1.0
9	23	1.0
9	24	0.6
9	25	0.8
9	26	0.2
9	27	1.0
9	28	0.6
9	29	0.8
9	30	1.0
9	31	1.0
9	32	0.6
9	33	0.4
9	34	1.0
9	35	0.8
9	36	0.6
9	37	0.8
9	38	1.0
9	39	0.8
9	40	0.4
9	41	0.8
9	42	0.4
9	43	0.6
9	44	0.8
9	45	0.8
9	46	0.6
9	47	1.0
9	48	0.4
9	49	0.6
10	1	0.8
10	2	0.8
10	3	0.8
10	4	0.8
10	5	0.8
10	6	0.6
10	7	0
10	8	0.4
10	9	1.0
10	10	1.0
10	11	1.0
10	12	1.0
10	13	0.6
10	14	0.8
10	15	0.8
10	16	0.6
10	17	0.6
10	18	1.0
10	19	0.6
10	20	1.0
10	21	1.0
10	22	1.0
10	23	1.0
10	24	0.6
10	25	0.8
10	26	0.2
10	27	1.0
10	28	0.6
10	29	0.8
10	30	1.0
10	31	1.0
10	32	0.6
10	33	0.4
10	34	1.0
10	35	0.8
10	36	0.6
10	37	0.8
10	38	1.0
10	39	0.8
10	40	0.4
10	41	0.8
10	42	0.4
10	43	0.6
10	44	0.8
10	45	0.8
10	46	0.6
10	47	1.0
10	48	0.4
10	49	0.6
11	1	0.8
11	2	0.8
11	3	0.8
11	4	0.8
11	5	0.8
11	6	0.6
11	7	0
11	8	0.4
11	9	1.0
11	10	1.0
11	11	1.0
11	12	1.0
11	13	0.6
11	14	0.8
11	15	0.8
11	16	0.6
11	17	0.6
11	18	1.0
11	19	0.6
11	20	1.0
11	21	1.0
11	22	1.0
11	23	1.0
11	24	0.6
11	25	0.8
11	26	0.2
11	27	1.0
11	28	0.6
11	29	0.8
11	30	1.0
11	31	1.0
11	32	0.6
11	33	0.4
11	34	1.0
11	35	0.8
11	36	0.6
11	37	0.8
11	38	1.0
11	39	0.8
11	40	0.4
11	41	0.8
11	42	0.4
11	43	0.6
11	44	0.8
11	45	0.8
11	46	0.6
11	47	1.0
11	48	0.4
11	49	0.6
12	1	0.8
12	2	0.8
12	3	0.8
12	4	0.8
12	5	0.8
12	6	0.6
12	7	0
12	8	0.4
12	9	1.0
12	10	1.0
12	11	1.0
12	12	1.0
12	13	0.6
12	14	0.8
12	15	0.8
12	16	0.6
12	17	0.6
12	18	1.0
12	19	0.6
12	20	1.0
12	21	1.0
12	22	1.0
12	23	1.0
12	24	0.6
12	25	0.8
12	26	0.2
12	27	1.0
12	28	0.6
12	29	0.8
12	30	1.0
12	31	1.0
12	32	0.6
12	33	0.4
12	34	1.0
12	35	0.8
12	36	0.6
12	37	0.8
12	38	1.0
12	39	0.8
12	40	0.4
12	41	0.8
12	42	0.4
12	43	0.6
12	44	0.8
12	45	0.8
12	46	0.6
12	47	1.0
12	48	0.4
12	49	0.6
13	1	0.4
13	2	0.4
13	3	0.4
13	4	0.4
13	5	0.4
13	6	0.2
13	7	0
13	8	0.8
13	9	0.6
13	10	0.6
13	11	0.6
13	12	0.6
13	13	1.0
13	14	0.4
13	15	0.4
13	16	1.0
13	17	0.2
13	18	0.6
13	19	0.2
13	20	0.6
13	21	0.6
13	22	0.6
13	23	0.6
13	24	1.0
13	25	0.4
13	26	0.6
13	27	0.6
13	28	0.2
13	29	0.4
13	30	0.6
13	31	0.6
13	32	1.0
13	33	0.8
13	34	0.6
13	35	0.4
13	36	1.0
13	37	0.4
13	38	0.6
13	39	0.4
13	40	0.8
13	41	0.4
13	42	0.8
13	43	1.0
13	44	0.4
13	45	0.4
13	46	1.0
13	47	0.6
13	48	0.8
13	49	1.0
14	1	1.0
14	2	1.0
14	3	1.0
14	4	1.0
14	5	1.0
14	6	0.8
14	7	0
14	8	0.2
14	9	0.8
14	10	0.8
14	11	0.8
14	12	0.8
14	13	0.4
14	14	1.0
14	15	1.0
14	16	0.4
14	17	0.8
14	18	0.8
14	19	0.8
14	20	0.8
14	21	0.8
14	22	0.8
14	23	0.8
14	24	0.4
14	25	1.0
14	26	0
14	27	0.8
14	28	0.8
14	29	1.0
14	30	0.8
14	31	0.8
14	32	0.4
14	33	0.2
14	34	0.8
14	35	1.0
14	36	0.4
14	37	1.0
14	38	0.8
14	39	1.0
14	40	0.2
14	41	1.0
14	42	0.2
14	43	0.4
14	44	1.0
14	45	1.0
14	46	0.4
14	47	0.8
14	48	0.2
14	49	0.4
15	1	1.0
15	2	1.0
15	3	1.0
15	4	1.0
15	5	1.0
15	6	0.8
15	7	0
15	8	0.2
15	9	0.8
15	10	0.8
15	11	0.8
15	12	0.8
15	13	0.4
15	14	1.0
15	15	1.0
15	16	0.4
15	17	0.8
15	18	0.8
15	19	0.8
15	20	0.8
15	21	0.8
15	22	0.8
15	23	0.8
15	24	0.4
15	25	1.0
15	26	0
15	27	0.8
15	28	0.8
15	29	1.0
15	30	0.8
15	31	0.8
15	32	0.4
15	33	0.2
15	34	0.8
15	35	1.0
15	36	0.4
15	37	1.0
15	38	0.8
15	39	1.0
15	40	0.2
15	41	1.0
15	42	0.2
15	43	0.4
15	44	1.0
15	45	1.0
15	46	0.4
15	47	0.8
15	48	0.2
15	49	0.4
16	1	0.4
16	2	0.4
16	3	0.4
16	4	0.4
16	5	0.4
16	6	0.2
16	7	0
16	8	0.8
16	9	0.6
16	10	0.6
16	11	0.6
16	12	0.6
16	13	1.0
16	14	0.4
16	15	0.4
16	16	1.0
16	17	0.2
16	18	0.6
16	19	0.2
16	20	0.6
16	21	0.6
16	22	0.6
16	23	0.6
16	24	1.0
16	25	0.4
16	26	0.6
16	27	0.6
16	28	0.2
16	29	0.4
16	30	0.6
16	31	0.6
16	32	1.0
16	33	0.8
16	34	0.6
16	35	0.4
16	36	1.0
16	37	0.4
16	38	0.6
16	39	0.4
16	40	0.8
16	41	0.4
16	42	0.8
16	43	1.0
16	44	0.4
16	45	0.4
16	46	1.0
16	47	0.6
16	48	0.8
16	49	1.0
17	1	0.8
17	2	0.8
17	3	0.8
17	4	0.8
17	5	0.8
17	6	1.0
17	7	0
17	8	0
17	9	0.6
17	10	0.6
17	11	0.6
17	12	0.6
17	13	0.2
17	14	0.8
17	15	0.8
17	16	0.2
17	17	1.0
17	18	0.6
17	19	1.0
17	20	0.6
17	21	0.6
17	22	0.6
17	23	0.6
17	24	0.2
17	25	0.8
17	26	0
17	27	0.6
17	28	1.0
17	29	0.8
17	30	0.6
17	31	0.6
17	32	0.2
17	33	0
17	34	0.6
17	35	0.8
17	36	0.2
17	37	0.8
17	38	0.6
17	39	0.8
17	40	0
17	41	0.8
17	42	0
17	43	0.2
17	44	0.8
17	45	0.8
17	46	0.2
17	47	0.6
17	48	0
17	49	0.2
18	1	0.8
18	2	0.8
18	3	0.8
18	4	0.8
18	5	0.8
18	6	0.6
18	7	0
18	8	0.4
18	9	1.0
18	10	1.0
18	11	1.0
18	12	1.0
18	13	0.6
18	14	0.8
18	15	0.8
18	16	0.6
18	17	0.6
18	18	1.0
18	19	0.6
18	20	1.0
18	21	1.0
18	22	1.0
18	23	1.0
18	24	0.6
18	25	0.8
18	26	0.2
18	27	1.0
18	28	0.6
18	29	0.8
18	30	1.0
18	31	1.0
18	32	0.6
18	33	0.4
18	34	1.0
18	35	0.8
18	36	0.6
18	37	0.8
18	38	1.0
18	39	0.8
18	40	0.4
18	41	0.8
18	42	0.4
18	43	0.6
18	44	0.8
18	45	0.8
18	46	0.6
18	47	1.0
18	48	0.4
18	49	0.6
19	1	0.8
19	2	0.8
19	3	0.8
19	4	0.8
19	5	0.8
19	6	1.0
19	7	0
19	8	0
19	9	0.6
19	10	0.6
19	11	0.6
19	12	0.6
19	13	0.2
19	14	0.8
19	15	0.8
19	16	0.2
19	17	1.0
19	18	0.6
19	19	1.0
19	20	0.6
19	21	0.6
19	22	0.6
19	23	0.6
19	24	0.2
19	25	0.8
19	26	0
19	27	0.6
19	28	1.0
19	29	0.8
19	30	0.6
19	31	0.6
19	32	0.2
19	33	0
19	34	0.6
19	35	0.8
19	36	0.2
19	37	0.8
19	38	0.6
19	39	0.8
19	40	0
19	41	0.8
19	42	0
19	43	0.2
19	44	0.8
19	45	0.8
19	46	0.2
19	47	0.6
19	48	0
19	49	0.2
20	1	0.8
20	2	0.8
20	3	0.8
20	4	0.8
20	5	0.8
20	6	0.6
20	7	0
20	8	0.4
20	9	1.0
20	10	1.0
20	11	1.0
20	12	1.0
20	13	0.6
20	14	0.8
20	15	0.8
20	16	0.6
20	17	0.6
20	18	1.0
20	19	0.6
20	20	1.0
20	21	1.0
20	22	1.0
20	23	1.0
20	24	0.6
20	25	0.8
20	26	0.2
20	27	1.0
20	28	0.6
20	29	0.8
20	30	1.0
20	31	1.0
20	32	0.6
20	33	0.4
20	34	1.0
20	35	0.8
20	36	0.6
20	37	0.8
20	38	1.0
20	39	0.8
20	40	0.4
20	41	0.8
20	42	0.4
20	43	0.6
20	44	0.8
20	45	0.8
20	46	0.6
20	47	1.0
20	48	0.4
20	49	0.6
21	1	0.8
21	2	0.8
21	3	0.8
21	4	0.8
21	5	0.8
21	6	0.6
21	7	0
21	8	0.4
21	9	1.0
21	10	1.0
21	11	1.0
21	12	1.0
21	13	0.6
21	14	0.8
21	15	0.8
21	16	0.6
21	17	0.6
21	18	1.0
21	19	0.6
21	20	1.0
21	21	1.0
21	22	1.0
21	23	1.0
21	24	0.6
21	25	0.8
21	26	0.2
21	27	1.0
21	28	0.6
21	29	0.8
21	30	1.0
21	31	1.0
21	32	0.6
21	33	0.4
21	34	1.0
21	35	0.8
21	36	0.6
21	37	0.8
21	38	1.0
21	39	0.8
21	40	0.4
21	41	0.8
21	42	0.4
21	43	0.6
21	44	0.8
21	45	0.8
21	46	0.6
21	47	1.0
21	48	0.4
21	49	0.6
22	1	0.8
22	2	0.8
22	3	0.8
22	4	0.8
22	5	0.8
22	6	0.6
22	7	0
22	8	0.4
22	9	1.0
22	10	1.0
22	11	1.0
22	12	1.0
22	13	0.6
22	14	0.8
22	15	0.8
22	16	0.6
22	17	0.6
22	18	1.0
22	19	0.6
22	20	1.0
22	21	1.0
22	22	1.0
22	23	1.0
22	24	0.6
22	25	0.8
22	26	0.2
22	27	1.0
22	28	0.6
22	29	0.8
22	30	1.0
22	31	1.0
22	32	0.6
22	33	0.4
22	34	1.0
22	35	0.8
22	36	0.6
22	37	0.8
22	38	1.0
22	39	0.8
22	40	0.4
22	41	0.8
22	42	0.4
22	43	0.6
22	44	0.8
22	45	0.8
22	46	0.6
22	47	1.0
22	48	0.4
22	49	0.6
23	1	0.8
23	2	0.8
23	3	0.8
23	4	0.8
23	5	0.8
23	6	0.6
23	7	0
23	8	0.4
23	9	1.0
23	10	1.0
23	11	1.0
23	12	1.0
23	13	0.6
23	14	0.8
23	15	0.8
23	16	0.6
23	17	0.6
23	18	1.0
23	19	0.6
23	20	1.0
23	21	1.0
23	22	1.0
23	23	1.0
23	24	0.6
23	25	0.8
23	26	0.2
23	27	1.0
23	28	0.6
23	29	0.8
23	30	1.0
23	31	1.0
23	32	0.6
23	33	0.4
23	34	1.0
23	35	0.8
23	36	0.6
23	37	0.8
23	38	1.0
23	39	0.8
23	40	0.4
23	41	0.8
23	42	0.4
23	43	0.6
23	44	0.8
23	45	0.8
23	46	0.6
23	47	1.0
23	48	0.4
23	49	0.6
24	1	0.4
24	2	0.4
24	3	0.4
24	4	0.4
24	5	0.4
24	6	0.2
24	7	0
24	8	0.8
24	9	0.6
24	10	0.6
24	11	0.6
24	12	0.6
24	13	1.0
24	14	0.4
24	15	0.4
24	16	1.0
24	17	0.2
24	18	0.6
24	19	0.2
24	20	0.6
24	21	0.6
24	22	0.6
24	23	0.6
24	24	1.0
24	25	0.4
24	26	0.6
24	27	0.6
24	28	0.2
24	29	0.4
24	30	0.6
24	31	0.6
24	32	1.0
24	33	0.8
24	34	0.6
24	35	0.4
24	36	1.0
24	37	0.4
24	38	0.6
24	39	0.4
24	40	0.8
24	41	0.4
24	42	0.8
24	43	1.0
24	44	0.4
24	45	0.4
24	46	1.0
24	47	0.6
24	48	0.8
24	49	1.0
25	1	1.0
25	2	1.0
25	3	1.0
25	4	1.0
25	5	1.0
25	6	0.8
25	7	0
25	8	0.2
25	9	0.8
25	10	0.8
25	11	0.8
25	12	0.8
25	13	0.4
25	14	1.0
25	15	1.0
25	16	0.4
25	17	0.8
25	18	0.8
25	19	0.8
25	20	0.8
25	21	0.8
25	22	0.8
25	23	0.8
25	24	0.4
25	25	1.0
25	26	0
25	27	0.8
25	28	0.8
25	29	1.0
25	30	0.8
25	31	0.8
25	32	0.4
25	33	0.2
25	34	0.8
25	35	1.0
25	36	0.4
25	37	1.0
25	38	0.8
25	39	1.0
25	40	0.2
25	41	1.0
25	42	0.2
25	43	0.4
25	44	1.0
25	45	1.0
25	46	0.4
25	47	0.8
25	48	0.2
25	49	0.4
26	1	0
26	2	0
26	3	0
26	4	0
26	5	0
26	6	0
26	7	0
26	8	0.8
26	9	0.2
26	10	0.2
26	11	0.2
26	12	0.2
26	13	0.6
26	14	0
26	15	0
26	16	0.6
26	17	0
26	18	0.2
26	19	0
26	20	0.2
26	21	0.2
26	22	0.2
26	23	0.2
26	24	0.6
26	25	0
26	26	1.0
26	27	0.2
26	28	0
26	29	0
26	30	0.2
26	31	0.2
26	32	0.6
26	33	0.8
26	34	0.2
26	35	0
26	36	0.6
26	37	0
26	38	0.2
26	39	0
26	40	0.8
26	41	0
26	42	0.8
26	43	0.6
26	44	0
26	45	0
26	46	0.6
26	47	0.2
26	48	0.8
26	49	0.6
27	1	0.8
27	2	0.8
27	3	0.8
27	4	0.8
27	5	0.8
27	6	0.6
27	7	0
27	8	0.4
27	9	1.0
27	10	1.0
27	11	1.0
27	12	1.0
27	13	0.6
27	14	0.8
27	15	0.8
27	16	0.6
27	17	0.6
27	18	1.0
27	19	0.6
27	20	1.0
27	21	1.0
27	22	1.0
27	23	1.0
27	24	0.6
27	25	0.8
27	26	0.2
27	27	1.0
27	28	0.6
27	29	0.8
27	30	1.0
27	31	1.0
27	32	0.6
27	33	0.4
27	34	1.0
27	35	0.8
27	36	0.6
27	37	0.8
27	38	1.0
27	39	0.8
27	40	0.4
27	41	0.8
27	42	0.4
27	43	0.6
27	44	0.8
27	45	0.8
27	46	0.6
27	47	1.0
27	48	0.4
27	49	0.6
28	1	0.8
28	2	0.8
28	3	0.8
28	4	0.8
28	5	0.8
28	6	1.0
28	7	0
28	8	0
28	9	0.6
28	10	0.6
28	11	0.6
28	12	0.6
28	13	0.2
28	14	0.8
28	15	0.8
28	16	0.2
28	17	1.0
28	18	0.6
28	19	1.0
28	20	0.6
28	21	0.6
28	22	0.6
28	23	0.6
28	24	0.2
28	25	0.8
28	26	0
28	27	0.6
28	28	1.0
28	29	0.8
28	30	0.6
28	31	0.6
28	32	0.2
28	33	0
28	34	0.6
28	35	0.8
28	36	0.2
28	37	0.8
28	38	0.6
28	39	0.8
28	40	0
28	41	0.8
28	42	0
28	43	0.2
28	44	0.8
28	45	0.8
28	46	0.2
28	47	0.6
28	48	0
28	49	0.2
29	1	1.0
29	2	1.0
29	3	1.0
29	4	1.0
29	5	1.0
29	6	0.8
29	7	0
29	8	0.2
29	9	0.8
29	10	0.8
29	11	0.8
29	12	0.8
29	13	0.4
29	14	1.0
29	15	1.0
29	16	0.4
29	17	0.8
29	18	0.8
29	19	0.8
29	20	0.8
29	21	0.8
29	22	0.8
29	23	0.8
29	24	0.4
29	25	1.0
29	26	0
29	27	0.8
29	28	0.8
29	29	1.0
29	30	0.8
29	31	0.8
29	32	0.4
29	33	0.2
29	34	0.8
29	35	1.0
29	36	0.4
29	37	1.0
29	38	0.8
29	39	1.0
29	40	0.2
29	41	1.0
29	42	0.2
29	43	0.4
29	44	1.0
29	45	1.0
29	46	0.4
29	47	0.8
29	48	0.2
29	49	0.4
30	1	0.8
30	2	0.8
30	3	0.8
30	4	0.8
30	5	0.8
30	6	0.6
30	7	0
30	8	0.4
30	9	1.0
30	10	1.0
30	11	1.0
30	12	1.0
30	13	0.6
30	14	0.8
30	15	0.8
30	16	0.6
30	17	0.6
30	18	1.0
30	19	0.6
30	20	1.0
30	21	1.0
30	22	1.0
30	23	1.0
30	24	0.6
30	25	0.8
30	26	0.2
30	27	1.0
30	28	0.6
30	29	0.8
30	30	1.0
30	31	1.0
30	32	0.6
30	33	0.4
30	34	1.0
30	35	0.8
30	36	0.6
30	37	0.8
30	38	1.0
30	39	0.8
30	40	0.4
30	41	0.8
30	42	0.4
30	43	0.6
30	44	0.8
30	45	0.8
30	46	0.6
30	47	1.0
30	48	0.4
30	49	0.6
31	1	0.8
31	2	0.8
31	3	0.8
31	4	0.8
31	5	0.8
31	6	0.6
31	7	0
31	8	0.4
31	9	1.0
31	10	1.0
31	11	1.0
31	12	1.0
31	13	0.6
31	14	0.8
31	15	0.8
31	16	0.6
31	17	0.6
31	18	1.0
31	19	0.6
31	20	1.0
31	21	1.0
31	22	1.0
31	23	1.0
31	24	0.6
31	25	0.8
31	26	0.2
31	27	1.0
31	28	0.6
31	29	0.8
31	30	1.0
31	31	1.0
31	32	0.6
31	33	0.4
31	34	1.0
31	35	0.8
31	36	0.6
31	37	0.8
31	38	1.0
31	39	0.8
31	40	0.4
31	41	0.8
31	42	0.4
31	43	0.6
31	44	0.8
31	45	0.8
31	46	0.6
31	47	1.0
31	48	0.4
31	49	0.6
32	1	0.4
32	2	0.4
32	3	0.4
32	4	0.4
32	5	0.4
32	6	0.2
32	7	0
32	8	0.8
32	9	0.6
32	10	0.6
32	11	0.6
32	12	0.6
32	13	1.0
32	14	0.4
32	15	0.4
32	16	1.0
32	17	0.2
32	18	0.6
32	19	0.2
32	20	0.6
32	21	0.6
32	22	0.6
32	23	0.6
32	24	1.0
32	25	0.4
32	26	0.6
32	27	0.6
32	28	0.2
32	29	0.4
32	30	0.6
32	31	0.6
32	32	1.0
32	33	0.8
32	34	0.6
32	35	0.4
32	36	1.0
32	37	0.4
32	38	0.6
32	39	0.4
32	40	0.8
32	41	0.4
32	42	0.8
32	43	1.0
32	44	0.4
32	45	0.4
32	46	1.0
32	47	0.6
32	48	0.8
32	49	1.0
33	1	0.2
33	2	0.2
33	3	0.2
33	4	0.2
33	5	0.2
33	6	0
33	7	0
33	8	1.0
33	9	0.4
33	10	0.4
33	11	0.4
33	12	0.4
33	13	0.8
33	14	0.2
33	15	0.2
33	16	0.8
33	17	0
33	18	0.4
33	19	0
33	20	0.4
33	21	0.4
33	22	0.4
33	23	0.4
33	24	0.8
33	25	0.2
33	26	0.8
33	27	0.4
33	28	0
33	29	0.2
33	30	0.4
33	31	0.4
33	32	0.8
33	33	1.0
33	34	0.4
33	35	0.2
33	36	0.8
33	37	0.2
33	38	0.4
33	39	0.2
33	40	1.0
33	41	0.2
33	42	1.0
33	43	0.8
33	44	0.2
33	45	0.2
33	46	0.8
33	47	0.4
33	48	1.0
33	49	0.8
34	1	0.8
34	2	0.8
34	3	0.8
34	4	0.8
34	5	0.8
34	6	0.6
34	7	0
34	8	0.4
34	9	1.0
34	10	1.0
34	11	1.0
34	12	1.0
34	13	0.6
34	14	0.8
34	15	0.8
34	16	0.6
34	17	0.6
34	18	1.0
34	19	0.6
34	20	1.0
34	21	1.0
34	22	1.0
34	23	1.0
34	24	0.6
34	25	0.8
34	26	0.2
34	27	1.0
34	28	0.6
34	29	0.8
34	30	1.0
34	31	1.0
34	32	0.6
34	33	0.4
34	34	1.0
34	35	0.8
34	36	0.6
34	37	0.8
34	38	1.0
34	39	0.8
34	40	0.4
34	41	0.8
34	42	0.4
34	43	0.6
34	44	0.8
34	45	0.8
34	46	0.6
34	47	1.0
34	48	0.4
34	49	0.6
35	1	1.0
35	2	1.0
35	3	1.0
35	4	1.0
35	5	1.0
35	6	0.8
35	7	0
35	8	0.2
35	9	0.8
35	10	0.8
35	11	0.8
35	12	0.8
35	13	0.4
35	14	1.0
35	15	1.0
35	16	0.4
35	17	0.8
35	18	0.8
35	19	0.8
35	20	0.8
35	21	0.8
35	22	0.8
35	23	0.8
35	24	0.4
35	25	1.0
35	26	0
35	27	0.8
35	28	0.8
35	29	1.0
35	30	0.8
35	31	0.8
35	32	0.4
35	33	0.2
35	34	0.8
35	35	1.0
35	36	0.4
35	37	1.0
35	38	0.8
35	39	1.0
35	40	0.2
35	41	1.0
35	42	0.2
35	43	0.4
35	44	1.0
35	45	1.0
35	46	0.4
35	47	0.8
35	48	0.2
35	49	0.4
36	1	0.4
36	2	0.4
36	3	0.4
36	4	0.4
36	5	0.4
36	6	0.2
36	7	0
36	8	0.8
36	9	0.6
36	10	0.6
36	11	0.6
36	12	0.6
36	13	1.0
36	14	0.4
36	15	0.4
36	16	1.0
36	17	0.2
36	18	0.6
36	19	0.2
36	20	0.6
36	21	0.6
36	22	0.6
36	23	0.6
36	24	1.0
36	25	0.4
36	26	0.6
36	27	0.6
36	28	0.2
36	29	0.4
36	30	0.6
36	31	0.6
36	32	1.0
36	33	0.8
36	34	0.6
36	35	0.4
36	36	1.0
36	37	0.4
36	38	0.6
36	39	0.4
36	40	0.8
36	41	0.4
36	42	0.8
36	43	1.0
36	44	0.4
36	45	0.4
36	46	1.0
36	47	0.6
36	48	0.8
36	49	1.0
37	1	1.0
37	2	1.0
37	3	1.0
37	4	1.0
37	5	1.0
37	6	0.8
37	7	0
37	8	0.2
37	9	0.8
37	10	0.8
37	11	0.8
37	12	0.8
37	13	0.4
37	14	1.0
37	15	1.0
37	16	0.4
37	17	0.8
37	18	0.8
37	19	0.8
37	20	0.8
37	21	0.8
37	22	0.8
37	23	0.8
37	24	0.4
37	25	1.0
37	26	0
37	27	0.8
37	28	0.8
37	29	1.0
37	30	0.8
37	31	0.8
37	32	0.4
37	33	0.2
37	34	0.8
37	35	1.0
37	36	0.4
37	37	1.0
37	38	0.8
37	39	1.0
37	40	0.2
37	41	1.0
37	42	0.2
37	43	0.4
37	44	1.0
37	45	1.0
37	46	0.4
37	47	0.8
37	48	0.2
37	49	0.4
38	1	0.8
38	2	0.8
38	3	0.8
38	4	0.8
38	5	0.8
38	6	0.6
38	7	0
38	8	0.4
38	9	1.0
38	10	1.0
38	11	1.0
38	12	1.0
38	13	0.6
38	14	0.8
38	15	0.8
38	16	0.6
38	17	0.6
38	18	1.0
38	19	0.6
38	20	1.0
38	21	1.0
38	22	1.0
38	23	1.0
38	24	0.6
38	25	0.8
38	26	0.2
38	27	1.0
38	28	0.6
38	29	0.8
38	30	1.0
38	31	1.0
38	32	0.6
38	33	0.4
38	34	1.0
38	35	0.8
38	36	0.6
38	37	0.8
38	38	1.0
38	39	0.8
38	40	0.4
38	41	0.8
38	42	0.4
38	43	0.6
38	44	0.8
38	45	0.8
38	46	0.6
38	47	1.0
38	48	0.4
38	49	0.6
39	1	1.0
39	2	1.0
39	3	1.0
39	4	1.0
39	5	1.0
39	6	0.8
39	7	0
39	8	0.2
39	9	0.8
39	10	0.8
39	11	0.8
39	12	0.8
39	13	0.4
39	14	1.0
39	15	1.0
39	16	0.4
39	17	0.8
39	18	0.8
39	19	0.8
39	20	0.8
39	21	0.8
39	22	0.8
39	23	0.8
39	24	0.4
39	25	1.0
39	26	0
39	27	0.8
39	28	0.8
39	29	1.0
39	30	0.8
39	31	0.8
39	32	0.4
39	33	0.2
39	34	0.8
39	35	1.0
39	36	0.4
39	37	1.0
39	38	0.8
39	39	1.0
39	40	0.2
39	41	1.0
39	42	0.2
39	43	0.4
39	44	1.0
39	45	1.0
39	46	0.4
39	47	0.8
39	48	0.2
39	49	0.4
40	1	0.2
40	2	0.2
40	3	0.2
40	4	0.2
40	5	0.2
40	6	0
40	7	0
40	8	1.0
40	9	0.4
40	10	0.4
40	11	0.4
40	12	0.4
40	13	0.8
40	14	0.2
40	15	0.2
40	16	0.8
40	17	0
40	18	0.4
40	19	0
40	20	0.4
40	21	0.4
40	22	0.4
40	23	0.4
40	24	0.8
40	25	0.2
40	26	0.8
40	27	0.4
40	28	0
40	29	0.2
40	30	0.4
40	31	0.4
40	32	0.8
40	33	1.0
40	34	0.4
40	35	0.2
40	36	0.8
40	37	0.2
40	38	0.4
40	39	0.2
40	40	1.0
40	41	0.2
40	42	1.0
40	43	0.8
40	44	0.2
40	45	0.2
40	46	0.8
40	47	0.4
40	48	1.0
40	49	0.8
41	1	1.0
41	2	1.0
41	3	1.0
41	4	1.0
41	5	1.0
41	6	0.8
41	7	0
41	8	0.2
41	9	0.8
41	10	0.8
41	11	0.8
41	12	0.8
41	13	0.4
41	14	1.0
41	15	1.0
41	16	0.4
41	17	0.8
41	18	0.8
41	19	0.8
41	20	0.8
41	21	0.8
41	22	0.8
41	23	0.8
41	24	0.4
41	25	1.0
41	26	0
41	27	0.8
41	28	0.8
41	29	1.0
41	30	0.8
41	31	0.8
41	32	0.4
41	33	0.2
41	34	0.8
41	35	1.0
41	36	0.4
41	37	1.0
41	38	0.8
41	39	1.0
41	40	0.2
41	41	1.0
41	42	0.2
41	43	0.4
41	44	1.0
41	45	1.0
41	46	0.4
41	47	0.8
41	48	0.2
41	49	0.4
42	1	0.2
42	2	0.2
42	3	0.2
42	4	0.2
42	5	0.2
42	6	0
42	7	0
42	8	1.0
42	9	0.4
42	10	0.4
42	11	0.4
42	12	0.4
42	13	0.8
42	14	0.2
42	15	0.2
42	16	0.8
42	17	0
42	18	0.4
42	19	0
42	20	0.4
42	21	0.4
42	22	0.4
42	23	0.4
42	24	0.8
42	25	0.2
42	26	0.8
42	27	0.4
42	28	0
42	29	0.2
42	30	0.4
42	31	0.4
42	32	0.8
42	33	1.0
42	34	0.4
42	35	0.2
42	36	0.8
42	37	0.2
42	38	0.4
42	39	0.2
42	40	1.0
42	41	0.2
42	42	1.0
42	43	0.8
42	44	0.2
42	45	0.2
42	46	0.8
42	47	0.4
42	48	1.0
42	49	0.8
43	1	0.4
43	2	0.4
43	3	0.4
43	4	0.4
43	5	0.4
43	6	0.2
43	7	0
43	8	0.8
43	9	0.6
43	10	0.6
43	11	0.6
43	12	0.6
43	13	1.0
43	14	0.4
43	15	0.4
43	16	1.0
43	17	0.2
43	18	0.6
43	19	0.2
43	20	0.6
43	21	0.6
43	22	0.6
43	23	0.6
43	24	1.0
43	25	0.4
43	26	0.6
43	27	0.6
43	28	0.2
43	29	0.4
43	30	0.6
43	31	0.6
43	32	1.0
43	33	0.8
43	34	0.6
43	35	0.4
43	36	1.0
43	37	0.4
43	38	0.6
43	39	0.4
43	40	0.8
43	41	0.4
43	42	0.8
43	43	1.0
43	44	0.4
43	45	0.4
43	46	1.0
43	47	0.6
43	48	0.8
43	49	1.0
44	1	1.0
44	2	1.0
44	3	1.0
44	4	1.0
44	5	1.0
44	6	0.8
44	7	0
44	8	0.2
44	9	0.8
44	10	0.8
44	11	0.8
44	12	0.8
44	13	0.4
44	14	1.0
44	15	1.0
44	16	0.4
44	17	0.8
44	18	0.8
44	19	0.8
44	20	0.8
44	21	0.8
44	22	0.8
44	23	0.8
44	24	0.4
44	25	1.0
44	26	0
44	27	0.8
44	28	0.8
44	29	1.0
44	30	0.8
44	31	0.8
44	32	0.4
44	33	0.2
44	34	0.8
44	35	1.0
44	36	0.4
44	37	1.0
44	38	0.8
44	39	1.0
44	40	0.2
44	41	1.0
44	42	0.2
44	43	0.4
44	44	1.0
44	45	1.0
44	46	0.4
44	47	0.8
44	48	0.2
44	49	0.4
45	1	1.0
45	2	1.0
45	3	1.0
45	4	1.0
45	5	1.0
45	6	0.8
45	7	0
45	8	0.2
45	9	0.8
45	10	0.8
45	11	0.8
45	12	0.8
45	13	0.4
45	14	1.0
45	15	1.0
45	16	0.4
45	17	0.8
45	18	0.8
45	19	0.8
45	20	0.8
45	21	0.8
45	22	0.8
45	23	0.8
45	24	0.4
45	25	1.0
45	26	0
45	27	0.8
45	28	0.8
45	29	1.0
45	30	0.8
45	31	0.8
45	32	0.4
45	33	0.2
45	34	0.8
45	35	1.0
45	36	0.4
45	37	1.0
45	38	0.8
45	39	1.0
45	40	0.2
45	41	1.0
45	42	0.2
45	43	0.4
45	44	1.0
45	45	1.0
45	46	0.4
45	47	0.8
45	48	0.2
45	49	0.4
46	1	0.4
46	2	0.4
46	3	0.4
46	4	0.4
46	5	0.4
46	6	0.2
46	7	0
46	8	0.8
46	9	0.6
46	10	0.6
46	11	0.6
46	12	0.6
46	13	1.0
46	14	0.4
46	15	0.4
46	16	1.0
46	17	0.2
46	18	0.6
46	19	0.2
46	20	0.6
46	21	0.6
46	22	0.6
46	23	0.6
46	24	1.0
46	25	0.4
46	26	0.6
46	27	0.6
46	28	0.2
46	29	0.4
46	30	0.6
46	31	0.6
46	32	1.0
46	33	0.8
46	34	0.6
46	35	0.4
46	36	1.0
46	37	0.4
46	38	0.6
46	39	0.4
46	40	0.8
46	41	0.4
46	42	0.8
46	43	1.0
46	44	0.4
46	45	0.4
46	46	1.0
46	47	0.6
46	48	0.8
46	49	1.0
47	1	0.8
47	2	0.8
47	3	0.8
47	4	0.8
47	5	0.8
47	6	0.6
47	7	0
47	8	0.4
47	9	1.0
47	10	1.0
47	11	1.0
47	12	1.0
47	13	0.6
47	14	0.8
47	15	0.8
47	16	0.6
47	17	0.6
47	18	1.0
47	19	0.6
47	20	1.0
47	21	1.0
47	22	1.0
47	23	1.0
47	24	0.6
47	25	0.8
47	26	0.2
47	27	1.0
47	28	0.6
47	29	0.8
47	30	1.0
47	31	1.0
47	32	0.6
47	33	0.4
47	34	1.0
47	35	0.8
47	36	0.6
47	37	0.8
47	38	1.0
47	39	0.8
47	40	0.4
47	41	0.8
47	42	0.4
47	43	0.6
47	44	0.8
47	45	0.8
47	46	0.6
47	47	1.0
47	48	0.4
47	49	0.6
48	1	0.2
48	2	0.2
48	3	0.2
48	4	0.2
48	5	0.2
48	6	0
48	7	0
48	8	1.0
48	9	0.4
48	10	0.4
48	11	0.4
48	12	0.4
48	13	0.8
48	14	0.2
48	15	0.2
48	16	0.8
48	17	0
48	18	0.4
48	19	0
48	20	0.4
48	21	0.4
48	22	0.4
48	23	0.4
48	24	0.8
48	25	0.2
48	26	0.8
48	27	0.4
48	28	0
48	29	0.2
48	30	0.4
48	31	0.4
48	32	0.8
48	33	1.0
48	34	0.4
48	35	0.2
48	36	0.8
48	37	0.2
48	38	0.4
48	39	0.2
48	40	1.0
48	41	0.2
48	42	1.0
48	43	0.8
48	44	0.2
48	45	0.2
48	46	0.8
48	47	0.4
48	48	1.0
48	49	0.8
49	1	0.4
49	2	0.4
49	3	0.4
49	4	0.4
49	5	0.4
49	6	0.2
49	7	0
49	8	0.8
49	9	0.6
49	10	0.6
49	11	0.6
49	12	0.6
49	13	1.0
49	14	0.4
49	15	0.4
49	16	1.0
49	17	0.2
49	18	0.6
49	19	0.2
49	20	0.6
49	21	0.6
49	22	0.6
49	23	0.6
49	24	1.0
49	25	0.4
49	26	0.6
49	27	0.6
49	28	0.2
49	29	0.4
49	30	0.6
49	31	0.6
49	32	1.0
49	33	0.8
49	34	0.6
49	35	0.4
49	36	1.0
49	37	0.4
49	38	0.6
49	39	0.4
49	40	0.8
49	41	0.4
49	42	0.8
49	43	1.0
49	44	0.4
49	45	0.4
49	46	1.0
49	47	0.6
49	48	0.8
49	49	1.0
