1	1	1.0
1	2	1.0
1	3	1.0
1	4	1.0
1	5	1.0
1	6	0.2
1	7	1.0
1	8	1.0
1	9	0
1	10	0
1	11	0.8
1	12	0.4
1	13	0.2
1	14	0.4
1	15	0.8
1	16	0.8
1	17	1.0
1	18	0.6
1	19	1.0
1	20	1.0
1	21	0.6
1	22	0
1	23	0
1	24	1.0
1	25	0.2
1	26	1.0
1	27	1.0
1	28	0.6
1	29	1.0
1	30	0.8
1	31	0.4
1	32	0.8
1	33	0.8
1	34	1.0
1	35	0.6
1	36	1.0
1	37	1.0
1	38	0.2
1	39	1.0
1	40	0.8
1	41	0.8
1	42	1.0
1	43	0
1	44	1.0
1	45	1.0
1	46	0.4
1	47	0.6
1	48	0.6
1	49	0.2
1	50	1.0
1	51	1.0
1	52	1.0
1	53	1.0
1	54	1.0
1	55	0.2
1	56	0.2
1	57	0.4
1	58	0
1	59	1.0
1	60	0
1	61	0.2
1	62	1.0
1	63	1.0
1	64	0.8
1	65	0.8
1	66	0.4
1	67	0.8
1	68	1.0
1	69	1.0
1	70	0.8
1	71	0.8
1	72	1.0
2	1	1.0
2	2	1.0
2	3	1.0
2	4	1.0
2	5	1.0
2	6	0.2
2	7	1.0
2	8	1.0
2	9	0
2	10	0
2	11	0.8
2	12	0.4
2	13	0.2
2	14	0.4
2	15	0.8
2	16	0.8
2	17	1.0
2	18	0.6
2	19	1.0
2	20	1.0
2	21	0.6
2	22	0
2	23	0
2	24	1.0
2	25	0.2
2	26	1.0
2	27	1.0
2	28	0.6
2	29	1.0
2	30	0.8
2	31	0.4
2	32	0.8
2	33	0.8
2	34	1.0
2	35	0.6
2	36	1.0
2	37	1.0
2	38	0.2
2	39	1.0
2	40	0.8
2	41	0.8
2	42	1.0
2	43	0
2	44	1.0
2	45	1.0
2	46	0.4
2	47	0.6
2	48	0.6
2	49	0.2
2	50	1.0
2	51	1.0
2	52	1.0
2	53	1.0
2	54	1.0
2	55	0.2
2	56	0.2
2	57	0.4
2	58	0
2	59	1.0
2	60	0
2	61	0.2
2	62	1.0
2	63	1.0
2	64	0.8
2	65	0.8
2	66	0.4
2	67	0.8
2	68	1.0
2	69	1.0
2	70	0.8
2	71	0.8
2	72	1.0
3	1	1.0
3	2	1.0
3	3	1.0
3	4	1.0
3	5	1.0
3	6	0.2
3	7	1.0
3	8	1.0
3	9	0
3	10	0
3	11	0.8
3	12	0.4
3	13	0.2
3	14	0.4
3	15	0.8
3	16	0.8
3	17	1.0
3	18	0.6
3	19	1.0
3	20	1.0
3	21	0.6
3	22	0
3	23	0
3	24	1.0
3	25	0.2
3	26	1.0
3	27	1.0
3	28	0.6
3	29	1.0
3	30	0.8
3	31	0.4
3	32	0.8
3	33	0.8
3	34	1.0
3	35	0.6
3	36	1.0
3	37	1.0
3	38	0.2
3	39	1.0
3	40	0.8
3	41	0.8
3	42	1.0
3	43	0
3	44	1.0
3	45	1.0
3	46	0.4
3	47	0.6
3	48	0.6
3	49	0.2
3	50	1.0
3	51	1.0
3	52	1.0
3	53	1.0
3	54	1.0
3	55	0.2
3	56	0.2
3	57	0.4
3	58	0
3	59	1.0
3	60	0
3	61	0.2
3	62	1.0
3	63	1.0
3	64	0.8
3	65	0.8
3	66	0.4
3	67	0.8
3	68	1.0
3	69	1.0
3	70	0.8
3	71	0.8
3	72	1.0
4	1	1.0
4	2	1.0
4	3	1.0
4	4	1.0
4	5	1.0
4	6	0.2
4	7	1.0
4	8	1.0
4	9	0
4	10	0
4	11	0.8
4	12	0.4
4	13	0.2
4	14	0.4
4	15	0.8
4	16	0.8
4	17	1.0
4	18	0.6
4	19	1.0
4	20	1.0
4	21	0.6
4	22	0
4	23	0
4	24	1.0
4	25	0.2
4	26	1.0
4	27	1.0
4	28	0.6
4	29	1.0
4	30	0.8
4	31	0.4
4	32	0.8
4	33	0.8
4	34	1.0
4	35	0.6
4	36	1.0
4	37	1.0
4	38	0.2
4	39	1.0
4	40	0.8
4	41	0.8
4	42	1.0
4	43	0
4	44	1.0
4	45	1.0
4	46	0.4
4	47	0.6
4	48	0.6
4	49	0.2
4	50	1.0
4	51	1.0
4	52	1.0
4	53	1.0
4	54	1.0
4	55	0.2
4	56	0.2
4	57	0.4
4	58	0
4	59	1.0
4	60	0
4	61	0.2
4	62	1.0
4	63	1.0
4	64	0.8
4	65	0.8
4	66	0.4
4	67	0.8
4	68	1.0
4	69	1.0
4	70	0.8
4	71	0.8
4	72	1.0
5	1	1.0
5	2	1.0
5	3	1.0
5	4	1.0
5	5	1.0
5	6	0.2
5	7	1.0
5	8	1.0
5	9	0
5	10	0
5	11	0.8
5	12	0.4
5	13	0.2
5	14	0.4
5	15	0.8
5	16	0.8
5	17	1.0
5	18	0.6
5	19	1.0
5	20	1.0
5	21	0.6
5	22	0
5	23	0
5	24	1.0
5	25	0.2
5	26	1.0
5	27	1.0
5	28	0.6
5	29	1.0
5	30	0.8
5	31	0.4
5	32	0.8
5	33	0.8
5	34	1.0
5	35	0.6
5	36	1.0
5	37	1.0
5	38	0.2
5	39	1.0
5	40	0.8
5	41	0.8
5	42	1.0
5	43	0
5	44	1.0
5	45	1.0
5	46	0.4
5	47	0.6
5	48	0.6
5	49	0.2
5	50	1.0
5	51	1.0
5	52	1.0
5	53	1.0
5	54	1.0
5	55	0.2
5	56	0.2
5	57	0.4
5	58	0
5	59	1.0
5	60	0
5	61	0.2
5	62	1.0
5	63	1.0
5	64	0.8
5	65	0.8
5	66	0.4
5	67	0.8
5	68	1.0
5	69	1.0
5	70	0.8
5	71	0.8
5	72	1.0
6	1	0.2
6	2	0.2
6	3	0.2
6	4	0.2
6	5	0.2
6	6	1.0
6	7	0.2
6	8	0.2
6	9	0
6	10	0.8
6	11	0
6	12	0
6	13	1.0
6	14	0
6	15	0
6	16	0
6	17	0.2
6	18	0
6	19	0.2
6	20	0.2
6	21	0
6	22	0.4
6	23	0
6	24	0.2
6	25	1.0
6	26	0.2
6	27	0.2
6	28	0
6	29	0.2
6	30	0.4
6	31	0
6	32	0
6	33	0
6	34	0.2
6	35	0.6
6	36	0.2
6	37	0.2
6	38	1.0
6	39	0.2
6	40	0.4
6	41	0.4
6	42	0.2
6	43	0.8
6	44	0.2
6	45	0.2
6	46	0
6	47	0
6	48	0.6
6	49	1.0
6	50	0.2
6	51	0.2
6	52	0.2
6	53	0.2
6	54	0.2
6	55	1.0
6	56	0
6	57	0
6	58	0.8
6	59	0.2
6	60	0
6	61	1.0
6	62	0.2
6	63	0.2
6	64	0
6	65	0
6	66	0
6	67	0.4
6	68	0.2
6	69	0.2
6	70	0
6	71	0.4
6	72	0.2
7	1	1.0
7	2	1.0
7	3	1.0
7	4	1.0
7	5	1.0
7	6	0.2
7	7	1.0
7	8	1.0
7	9	0
7	10	0
7	11	0.8
7	12	0.4
7	13	0.2
7	14	0.4
7	15	0.8
7	16	0.8
7	17	1.0
7	18	0.6
7	19	1.0
7	20	1.0
7	21	0.6
7	22	0
7	23	0
7	24	1.0
7	25	0.2
7	26	1.0
7	27	1.0
7	28	0.6
7	29	1.0
7	30	0.8
7	31	0.4
7	32	0.8
7	33	0.8
7	34	1.0
7	35	0.6
7	36	1.0
7	37	1.0
7	38	0.2
7	39	1.0
7	40	0.8
7	41	0.8
7	42	1.0
7	43	0
7	44	1.0
7	45	1.0
7	46	0.4
7	47	0.6
7	48	0.6
7	49	0.2
7	50	1.0
7	51	1.0
7	52	1.0
7	53	1.0
7	54	1.0
7	55	0.2
7	56	0.2
7	57	0.4
7	58	0
7	59	1.0
7	60	0
7	61	0.2
7	62	1.0
7	63	1.0
7	64	0.8
7	65	0.8
7	66	0.4
7	67	0.8
7	68	1.0
7	69	1.0
7	70	0.8
7	71	0.8
7	72	1.0
8	1	1.0
8	2	1.0
8	3	1.0
8	4	1.0
8	5	1.0
8	6	0.2
8	7	1.0
8	8	1.0
8	9	0
8	10	0
8	11	0.8
8	12	0.4
8	13	0.2
8	14	0.4
8	15	0.8
8	16	0.8
8	17	1.0
8	18	0.6
8	19	1.0
8	20	1.0
8	21	0.6
8	22	0
8	23	0
8	24	1.0
8	25	0.2
8	26	1.0
8	27	1.0
8	28	0.6
8	29	1.0
8	30	0.8
8	31	0.4
8	32	0.8
8	33	0.8
8	34	1.0
8	35	0.6
8	36	1.0
8	37	1.0
8	38	0.2
8	39	1.0
8	40	0.8
8	41	0.8
8	42	1.0
8	43	0
8	44	1.0
8	45	1.0
8	46	0.4
8	47	0.6
8	48	0.6
8	49	0.2
8	50	1.0
8	51	1.0
8	52	1.0
8	53	1.0
8	54	1.0
8	55	0.2
8	56	0.2
8	57	0.4
8	58	0
8	59	1.0
8	60	0
8	61	0.2
8	62	1.0
8	63	1.0
8	64	0.8
8	65	0.8
8	66	0.4
8	67	0.8
8	68	1.0
8	69	1.0
8	70	0.8
8	71	0.8
8	72	1.0
9	1	0
9	2	0
9	3	0
9	4	0
9	5	0
9	6	0
9	7	0
9	8	0
9	9	1.0
9	10	0
9	11	0
9	12	0
9	13	0
9	14	0
9	15	0
9	16	0
9	17	0
9	18	0
9	19	0
9	20	0
9	21	0
9	22	0
9	23	1.0
9	24	0
9	25	0
9	26	0
9	27	0
9	28	0
9	29	0
9	30	0
9	31	0
9	32	0
9	33	0
9	34	0
9	35	0
9	36	0
9	37	0
9	38	0
9	39	0
9	40	0
9	41	0
9	42	0
9	43	0
9	44	0
9	45	0
9	46	0
9	47	0
9	48	0
9	49	0
9	50	0
9	51	0
9	52	0
9	53	0
9	54	0
9	55	0
9	56	0
9	57	0
9	58	0
9	59	0
9	60	1.0
9	61	0
9	62	0
9	63	0
9	64	0
9	65	0
9	66	0
9	67	0
9	68	0
9	69	0
9	70	0
9	71	0
9	72	0
10	1	0
10	2	0
10	3	0
10	4	0
10	5	0
10	6	0.8
10	7	0
10	8	0
10	9	0
10	10	1.0
10	11	0
10	12	0
10	13	0.8
10	14	0
10	15	0
10	16	0
10	17	0
10	18	0
10	19	0
10	20	0
10	21	0
10	22	0.6
10	23	0
10	24	0
10	25	0.8
10	26	0
10	27	0
10	28	0
10	29	0
10	30	0.2
10	31	0
10	32	0
10	33	0
10	34	0
10	35	0.4
10	36	0
10	37	0
10	38	0.8
10	39	0
10	40	0.2
10	41	0.2
10	42	0
10	43	1.0
10	44	0
10	45	0
10	46	0
10	47	0
10	48	0.4
10	49	0.8
10	50	0
10	51	0
10	52	0
10	53	0
10	54	0
10	55	0.8
10	56	0
10	57	0
10	58	1.0
10	59	0
10	60	0
10	61	0.8
10	62	0
10	63	0
10	64	0
10	65	0
10	66	0
10	67	0.2
10	68	0
10	69	0
10	70	0
10	71	0.2
10	72	0
11	1	0.8
11	2	0.8
11	3	0.8
11	4	0.8
11	5	0.8
11	6	0
11	7	0.8
11	8	0.8
11	9	0
11	10	0
11	11	1.0
11	12	0.6
11	13	0
11	14	0.6
11	15	1.0
11	16	1.0
11	17	0.8
11	18	0.8
11	19	0.8
11	20	0.8
11	21	0.8
11	22	0
11	23	0
11	24	0.8
11	25	0
11	26	0.8
11	27	0.8
11	28	0.8
11	29	0.8
11	30	0.6
11	31	0.6
11	32	1.0
11	33	1.0
11	34	0.8
11	35	0.4
11	36	0.8
11	37	0.8
11	38	0
11	39	0.8
11	40	0.6
11	41	0.6
11	42	0.8
11	43	0
11	44	0.8
11	45	0.8
11	46	0.6
11	47	0.8
11	48	0.4
11	49	0
11	50	0.8
11	51	0.8
11	52	0.8
11	53	0.8
11	54	0.8
11	55	0
11	56	0.4
11	57	0.6
11	58	0
11	59	0.8
11	60	0
11	61	0
11	62	0.8
11	63	0.8
11	64	1.0
11	65	1.0
11	66	0.6
11	67	0.6
11	68	0.8
11	69	0.8
11	70	1.0
11	71	0.6
11	72	0.8
12	1	0.4
12	2	0.4
12	3	0.4
12	4	0.4
12	5	0.4
12	6	0
12	7	0.4
12	8	0.4
12	9	0
12	10	0
12	11	0.6
12	12	1.0
12	13	0
12	14	1.0
12	15	0.6
12	16	0.6
12	17	0.4
12	18	0.8
12	19	0.4
12	20	0.4
12	21	0.8
12	22	0
12	23	0
12	24	0.4
12	25	0
12	26	0.4
12	27	0.4
12	28	0.8
12	29	0.4
12	30	0.2
12	31	1.0
12	32	0.6
12	33	0.6
12	34	0.4
12	35	0
12	36	0.4
12	37	0.4
12	38	0
12	39	0.4
12	40	0.2
12	41	0.2
12	42	0.4
12	43	0
12	44	0.4
12	45	0.4
12	46	1.0
12	47	0.8
12	48	0
12	49	0
12	50	0.4
12	51	0.4
12	52	0.4
12	53	0.4
12	54	0.4
12	55	0
12	56	0.8
12	57	1.0
12	58	0
12	59	0.4
12	60	0
12	61	0
12	62	0.4
12	63	0.4
12	64	0.6
12	65	0.6
12	66	1.0
12	67	0.2
12	68	0.4
12	69	0.4
12	70	0.6
12	71	0.2
12	72	0.4
13	1	0.2
13	2	0.2
13	3	0.2
13	4	0.2
13	5	0.2
13	6	1.0
13	7	0.2
13	8	0.2
13	9	0
13	10	0.8
13	11	0
13	12	0
13	13	1.0
13	14	0
13	15	0
13	16	0
13	17	0.2
13	18	0
13	19	0.2
13	20	0.2
13	21	0
13	22	0.4
13	23	0
13	24	0.2
13	25	1.0
13	26	0.2
13	27	0.2
13	28	0
13	29	0.2
13	30	0.4
13	31	0
13	32	0
13	33	0
13	34	0.2
13	35	0.6
13	36	0.2
13	37	0.2
13	38	1.0
13	39	0.2
13	40	0.4
13	41	0.4
13	42	0.2
13	43	0.8
13	44	0.2
13	45	0.2
13	46	0
13	47	0
13	48	0.6
13	49	1.0
13	50	0.2
13	51	0.2
13	52	0.2
13	53	0.2
13	54	0.2
13	55	1.0
13	56	0
13	57	0
13	58	0.8
13	59	0.2
13	60	0
13	61	1.0
13	62	0.2
13	63	0.2
13	64	0
13	65	0
13	66	0
13	67	0.4
13	68	0.2
13	69	0.2
13	70	0
13	71	0.4
13	72	0.2
14	1	0.4
14	2	0.4
14	3	0.4
14	4	0.4
14	5	0.4
14	6	0
14	7	0.4
14	8	0.4
14	9	0
14	10	0
14	11	0.6
14	12	1.0
14	13	0
14	14	1.0
14	15	0.6
14	16	0.6
14	17	0.4
14	18	0.8
14	19	0.4
14	20	0.4
14	21	0.8
14	22	0
14	23	0
14	24	0.4
14	25	0
14	26	0.4
14	27	0.4
14	28	0.8
14	29	0.4
14	30	0.2
14	31	1.0
14	32	0.6
14	33	0.6
14	34	0.4
14	35	0
14	36	0.4
14	37	0.4
14	38	0
14	39	0.4
14	40	0.2
14	41	0.2
14	42	0.4
14	43	0
14	44	0.4
14	45	0.4
14	46	1.0
14	47	0.8
14	48	0
14	49	0
14	50	0.4
14	51	0.4
14	52	0.4
14	53	0.4
14	54	0.4
14	55	0
14	56	0.8
14	57	1.0
14	58	0
14	59	0.4
14	60	0
14	61	0
14	62	0.4
14	63	0.4
14	64	0.6
14	65	0.6
14	66	1.0
14	67	0.2
14	68	0.4
14	69	0.4
14	70	0.6
14	71	0.2
14	72	0.4
15	1	0.8
15	2	0.8
15	3	0.8
15	4	0.8
15	5	0.8
15	6	0
15	7	0.8
15	8	0.8
15	9	0
15	10	0
15	11	1.0
15	12	0.6
15	13	0
15	14	0.6
15	15	1.0
15	16	1.0
15	17	0.8
15	18	0.8
15	19	0.8
15	20	0.8
15	21	0.8
15	22	0
15	23	0
15	24	0.8
15	25	0
15	26	0.8
15	27	0.8
15	28	0.8
15	29	0.8
15	30	0.6
15	31	0.6
15	32	1.0
15	33	1.0
15	34	0.8
15	35	0.4
15	36	0.8
15	37	0.8
15	38	0
15	39	0.8
15	40	0.6
15	41	0.6
15	42	0.8
15	43	0
15	44	0.8
15	45	0.8
15	46	0.6
15	47	0.8
15	48	0.4
15	49	0
15	50	0.8
15	51	0.8
15	52	0.8
15	53	0.8
15	54	0.8
15	55	0
15	56	0.4
15	57	0.6
15	58	0
15	59	0.8
15	60	0
15	61	0
15	62	0.8
15	63	0.8
15	64	1.0
15	65	1.0
15	66	0.6
15	67	0.6
15	68	0.8
15	69	0.8
15	70	1.0
15	71	0.6
15	72	0.8
16	1	0.8
16	2	0.8
16	3	0.8
16	4	0.8
16	5	0.8
16	6	0
16	7	0.8
16	8	0.8
16	9	0
16	10	0
16	11	1.0
16	12	0.6
16	13	0
16	14	0.6
16	15	1.0
16	16	1.0
16	17	0.8
16	18	0.8
16	19	0.8
16	20	0.8
16	21	0.8
16	22	0
16	23	0
16	24	0.8
16	25	0
16	26	0.8
16	27	0.8
16	28	0.8
16	29	0.8
16	30	0.6
16	31	0.6
16	32	1.0
16	33	1.0
16	34	0.8
16	35	0.4
16	36	0.8
16	37	0.8
16	38	0
16	39	0.8
16	40	0.6
16	41	0.6
16	42	0.8
16	43	0
16	44	0.8
16	45	0.8
16	46	0.6
16	47	0.8
16	48	0.4
16	49	0
16	50	0.8
16	51	0.8
16	52	0.8
16	53	0.8
16	54	0.8
16	55	0
16	56	0.4
16	57	0.6
16	58	0
16	59	0.8
16	60	0
16	61	0
16	62	0.8
16	63	0.8
16	64	1.0
16	65	1.0
16	66	0.6
16	67	0.6
16	68	0.8
16	69	0.8
16	70	1.0
16	71	0.6
16	72	0.8
17	1	1.0
17	2	1.0
17	3	1.0
17	4	1.0
17	5	1.0
17	6	0.2
17	7	1.0
17	8	1.0
17	9	0
17	10	0
17	11	0.8
17	12	0.4
17	13	0.2
17	14	0.4
17	15	0.8
17	16	0.8
17	17	1.0
17	18	0.6
17	19	1.0
17	20	1.0
17	21	0.6
17	22	0
17	23	0
17	24	1.0
17	25	0.2
17	26	1.0
17	27	1.0
17	28	0.6
17	29	1.0
17	30	0.8
17	31	0.4
17	32	0.8
17	33	0.8
17	34	1.0
17	35	0.6
17	36	1.0
17	37	1.0
17	38	0.2
17	39	1.0
17	40	0.8
17	41	0.8
17	42	1.0
17	43	0
17	44	1.0
17	45	1.0
17	46	0.4
17	47	0.6
17	48	0.6
17	49	0.2
17	50	1.0
17	51	1.0
17	52	1.0
17	53	1.0
17	54	1.0
17	55	0.2
17	56	0.2
17	57	0.4
17	58	0
17	59	1.0
17	60	0
17	61	0.2
17	62	1.0
17	63	1.0
17	64	0.8
17	65	0.8
17	66	0.4
17	67	0.8
17	68	1.0
17	69	1.0
17	70	0.8
17	71	0.8
17	72	1.0
18	1	0.6
18	2	0.6
18	3	0.6
18	4	0.6
18	5	0.6
18	6	0
18	7	0.6
18	8	0.6
18	9	0
18	10	0
18	11	0.8
18	12	0.8
18	13	0
18	14	0.8
18	15	0.8
18	16	0.8
18	17	0.6
18	18	1.0
18	19	0.6
18	20	0.6
18	21	1.0
18	22	0
18	23	0
18	24	0.6
18	25	0
18	26	0.6
18	27	0.6
18	28	1.0
18	29	0.6
18	30	0.4
18	31	0.8
18	32	0.8
18	33	0.8
18	34	0.6
18	35	0.2
18	36	0.6
18	37	0.6
18	38	0
18	39	0.6
18	40	0.4
18	41	0.4
18	42	0.6
18	43	0
18	44	0.6
18	45	0.6
18	46	0.8
18	47	1.0
18	48	0.2
18	49	0
18	50	0.6
18	51	0.6
18	52	0.6
18	53	0.6
18	54	0.6
18	55	0
18	56	0.6
18	57	0.8
18	58	0
18	59	0.6
18	60	0
18	61	0
18	62	0.6
18	63	0.6
18	64	0.8
18	65	0.8
18	66	0.8
18	67	0.4
18	68	0.6
18	69	0.6
18	70	0.8
18	71	0.4
18	72	0.6
19	1	1.0
19	2	1.0
19	3	1.0
19	4	1.0
19	5	1.0
19	6	0.2
19	7	1.0
19	8	1.0
19	9	0
19	10	0
19	11	0.8
19	12	0.4
19	13	0.2
19	14	0.4
19	15	0.8
19	16	0.8
19	17	1.0
19	18	0.6
19	19	1.0
19	20	1.0
19	21	0.6
19	22	0
19	23	0
19	24	1.0
19	25	0.2
19	26	1.0
19	27	1.0
19	28	0.6
19	29	1.0
19	30	0.8
19	31	0.4
19	32	0.8
19	33	0.8
19	34	1.0
19	35	0.6
19	36	1.0
19	37	1.0
19	38	0.2
19	39	1.0
19	40	0.8
19	41	0.8
19	42	1.0
19	43	0
19	44	1.0
19	45	1.0
19	46	0.4
19	47	0.6
19	48	0.6
19	49	0.2
19	50	1.0
19	51	1.0
19	52	1.0
19	53	1.0
19	54	1.0
19	55	0.2
19	56	0.2
19	57	0.4
19	58	0
19	59	1.0
19	60	0
19	61	0.2
19	62	1.0
19	63	1.0
19	64	0.8
19	65	0.8
19	66	0.4
19	67	0.8
19	68	1.0
19	69	1.0
19	70	0.8
19	71	0.8
19	72	1.0
20	1	1.0
20	2	1.0
20	3	1.0
20	4	1.0
20	5	1.0
20	6	0.2
20	7	1.0
20	8	1.0
20	9	0
20	10	0
20	11	0.8
20	12	0.4
20	13	0.2
20	14	0.4
20	15	0.8
20	16	0.8
20	17	1.0
20	18	0.6
20	19	1.0
20	20	1.0
20	21	0.6
20	22	0
20	23	0
20	24	1.0
20	25	0.2
20	26	1.0
20	27	1.0
20	28	0.6
20	29	1.0
20	30	0.8
20	31	0.4
20	32	0.8
20	33	0.8
20	34	1.0
20	35	0.6
20	36	1.0
20	37	1.0
20	38	0.2
20	39	1.0
20	40	0.8
20	41	0.8
20	42	1.0
20	43	0
20	44	1.0
20	45	1.0
20	46	0.4
20	47	0.6
20	48	0.6
20	49	0.2
20	50	1.0
20	51	1.0
20	52	1.0
20	53	1.0
20	54	1.0
20	55	0.2
20	56	0.2
20	57	0.4
20	58	0
20	59	1.0
20	60	0
20	61	0.2
20	62	1.0
20	63	1.0
20	64	0.8
20	65	0.8
20	66	0.4
20	67	0.8
20	68	1.0
20	69	1.0
20	70	0.8
20	71	0.8
20	72	1.0
21	1	0.6
21	2	0.6
21	3	0.6
21	4	0.6
21	5	0.6
21	6	0
21	7	0.6
21	8	0.6
21	9	0
21	10	0
21	11	0.8
21	12	0.8
21	13	0
21	14	0.8
21	15	0.8
21	16	0.8
21	17	0.6
21	18	1.0
21	19	0.6
21	20	0.6
21	21	1.0
21	22	0
21	23	0
21	24	0.6
21	25	0
21	26	0.6
21	27	0.6
21	28	1.0
21	29	0.6
21	30	0.4
21	31	0.8
21	32	0.8
21	33	0.8
21	34	0.6
21	35	0.2
21	36	0.6
21	37	0.6
21	38	0
21	39	0.6
21	40	0.4
21	41	0.4
21	42	0.6
21	43	0
21	44	0.6
21	45	0.6
21	46	0.8
21	47	1.0
21	48	0.2
21	49	0
21	50	0.6
21	51	0.6
21	52	0.6
21	53	0.6
21	54	0.6
21	55	0
21	56	0.6
21	57	0.8
21	58	0
21	59	0.6
21	60	0
21	61	0
21	62	0.6
21	63	0.6
21	64	0.8
21	65	0.8
21	66	0.8
21	67	0.4
21	68	0.6
21	69	0.6
21	70	0.8
21	71	0.4
21	72	0.6
22	1	0
22	2	0
22	3	0
22	4	0
22	5	0
22	6	0.4
22	7	0
22	8	0
22	9	0
22	10	0.6
22	11	0
22	12	0
22	13	0.4
22	14	0
22	15	0
22	16	0
22	17	0
22	18	0
22	19	0
22	20	0
22	21	0
22	22	1.0
22	23	0
22	24	0
22	25	0.4
22	26	0
22	27	0
22	28	0
22	29	0
22	30	0
22	31	0
22	32	0
22	33	0
22	34	0
22	35	0
22	36	0
22	37	0
22	38	0.4
22	39	0
22	40	0
22	41	0
22	42	0
22	43	0.6
22	44	0
22	45	0
22	46	0
22	47	0
22	48	0
22	49	0.4
22	50	0
22	51	0
22	52	0
22	53	0
22	54	0
22	55	0.4
22	56	0
22	57	0
22	58	0.6
22	59	0
22	60	0
22	61	0.4
22	62	0
22	63	0
22	64	0
22	65	0
22	66	0
22	67	0
22	68	0
22	69	0
22	70	0
22	71	0
22	72	0
23	1	0
23	2	0
23	3	0
23	4	0
23	5	0
23	6	0
23	7	0
23	8	0
23	9	1.0
23	10	0
23	11	0
23	12	0
23	13	0
23	14	0
23	15	0
23	16	0
23	17	0
23	18	0
23	19	0
23	20	0
23	21	0
23	22	0
23	23	1.0
23	24	0
23	25	0
23	26	0
23	27	0
23	28	0
23	29	0
23	30	0
23	31	0
23	32	0
23	33	0
23	34	0
23	35	0
23	36	0
23	37	0
23	38	0
23	39	0
23	40	0
23	41	0
23	42	0
23	43	0
23	44	0
23	45	0
23	46	0
23	47	0
23	48	0
23	49	0
23	50	0
23	51	0
23	52	0
23	53	0
23	54	0
23	55	0
23	56	0
23	57	0
23	58	0
23	59	0
23	60	1.0
23	61	0
23	62	0
23	63	0
23	64	0
23	65	0
23	66	0
23	67	0
23	68	0
23	69	0
23	70	0
23	71	0
23	72	0
24	1	1.0
24	2	1.0
24	3	1.0
24	4	1.0
24	5	1.0
24	6	0.2
24	7	1.0
24	8	1.0
24	9	0
24	10	0
24	11	0.8
24	12	0.4
24	13	0.2
24	14	0.4
24	15	0.8
24	16	0.8
24	17	1.0
24	18	0.6
24	19	1.0
24	20	1.0
24	21	0.6
24	22	0
24	23	0
24	24	1.0
24	25	0.2
24	26	1.0
24	27	1.0
24	28	0.6
24	29	1.0
24	30	0.8
24	31	0.4
24	32	0.8
24	33	0.8
24	34	1.0
24	35	0.6
24	36	1.0
24	37	1.0
24	38	0.2
24	39	1.0
24	40	0.8
24	41	0.8
24	42	1.0
24	43	0
24	44	1.0
24	45	1.0
24	46	0.4
24	47	0.6
24	48	0.6
24	49	0.2
24	50	1.0
24	51	1.0
24	52	1.0
24	53	1.0
24	54	1.0
24	55	0.2
24	56	0.2
24	57	0.4
24	58	0
24	59	1.0
24	60	0
24	61	0.2
24	62	1.0
24	63	1.0
24	64	0.8
24	65	0.8
24	66	0.4
24	67	0.8
24	68	1.0
24	69	1.0
24	70	0.8
24	71	0.8
24	72	1.0
25	1	0.2
25	2	0.2
25	3	0.2
25	4	0.2
25	5	0.2
25	6	1.0
25	7	0.2
25	8	0.2
25	9	0
25	10	0.8
25	11	0
25	12	0
25	13	1.0
25	14	0
25	15	0
25	16	0
25	17	0.2
25	18	0
25	19	0.2
25	20	0.2
25	21	0
25	22	0.4
25	23	0
25	24	0.2
25	25	1.0
25	26	0.2
25	27	0.2
25	28	0
25	29	0.2
25	30	0.4
25	31	0
25	32	0
25	33	0
25	34	0.2
25	35	0.6
25	36	0.2
25	37	0.2
25	38	1.0
25	39	0.2
25	40	0.4
25	41	0.4
25	42	0.2
25	43	0.8
25	44	0.2
25	45	0.2
25	46	0
25	47	0
25	48	0.6
25	49	1.0
25	50	0.2
25	51	0.2
25	52	0.2
25	53	0.2
25	54	0.2
25	55	1.0
25	56	0
25	57	0
25	58	0.8
25	59	0.2
25	60	0
25	61	1.0
25	62	0.2
25	63	0.2
25	64	0
25	65	0
25	66	0
25	67	0.4
25	68	0.2
25	69	0.2
25	70	0
25	71	0.4
25	72	0.2
26	1	1.0
26	2	1.0
26	3	1.0
26	4	1.0
26	5	1.0
26	6	0.2
26	7	1.0
26	8	1.0
26	9	0
26	10	0
26	11	0.8
26	12	0.4
26	13	0.2
26	14	0.4
26	15	0.8
26	16	0.8
26	17	1.0
26	18	0.6
26	19	1.0
26	20	1.0
26	21	0.6
26	22	0
26	23	0
26	24	1.0
26	25	0.2
26	26	1.0
26	27	1.0
26	28	0.6
26	29	1.0
26	30	0.8
26	31	0.4
26	32	0.8
26	33	0.8
26	34	1.0
26	35	0.6
26	36	1.0
26	37	1.0
26	38	0.2
26	39	1.0
26	40	0.8
26	41	0.8
26	42	1.0
26	43	0
26	44	1.0
26	45	1.0
26	46	0.4
26	47	0.6
26	48	0.6
26	49	0.2
26	50	1.0
26	51	1.0
26	52	1.0
26	53	1.0
26	54	1.0
26	55	0.2
26	56	0.2
26	57	0.4
26	58	0
26	59	1.0
26	60	0
26	61	0.2
26	62	1.0
26	63	1.0
26	64	0.8
26	65	0.8
26	66	0.4
26	67	0.8
26	68	1.0
26	69	1.0
26	70	0.8
26	71	0.8
26	72	1.0
27	1	1.0
27	2	1.0
27	3	1.0
27	4	1.0
27	5	1.0
27	6	0.2
27	7	1.0
27	8	1.0
27	9	0
27	10	0
27	11	0.8
27	12	0.4
27	13	0.2
27	14	0.4
27	15	0.8
27	16	0.8
27	17	1.0
27	18	0.6
27	19	1.0
27	20	1.0
27	21	0.6
27	22	0
27	23	0
27	24	1.0
27	25	0.2
27	26	1.0
27	27	1.0
27	28	0.6
27	29	1.0
27	30	0.8
27	31	0.4
27	32	0.8
27	33	0.8
27	34	1.0
27	35	0.6
27	36	1.0
27	37	1.0
27	38	0.2
27	39	1.0
27	40	0.8
27	41	0.8
27	42	1.0
27	43	0
27	44	1.0
27	45	1.0
27	46	0.4
27	47	0.6
27	48	0.6
27	49	0.2
27	50	1.0
27	51	1.0
27	52	1.0
27	53	1.0
27	54	1.0
27	55	0.2
27	56	0.2
27	57	0.4
27	58	0
27	59	1.0
27	60	0
27	61	0.2
27	62	1.0
27	63	1.0
27	64	0.8
27	65	0.8
27	66	0.4
27	67	0.8
27	68	1.0
27	69	1.0
27	70	0.8
27	71	0.8
27	72	1.0
28	1	0.6
28	2	0.6
28	3	0.6
28	4	0.6
28	5	0.6
28	6	0
28	7	0.6
28	8	0.6
28	9	0
28	10	0
28	11	0.8
28	12	0.8
28	13	0
28	14	0.8
28	15	0.8
28	16	0.8
28	17	0.6
28	18	1.0
28	19	0.6
28	20	0.6
28	21	1.0
28	22	0
28	23	0
28	24	0.6
28	25	0
28	26	0.6
28	27	0.6
28	28	1.0
28	29	0.6
28	30	0.4
28	31	0.8
28	32	0.8
28	33	0.8
28	34	0.6
28	35	0.2
28	36	0.6
28	37	0.6
28	38	0
28	39	0.6
28	40	0.4
28	41	0.4
28	42	0.6
28	43	0
28	44	0.6
28	45	0.6
28	46	0.8
28	47	1.0
28	48	0.2
28	49	0
28	50	0.6
28	51	0.6
28	52	0.6
28	53	0.6
28	54	0.6
28	55	0
28	56	0.6
28	57	0.8
28	58	0
28	59	0.6
28	60	0
28	61	0
28	62	0.6
28	63	0.6
28	64	0.8
28	65	0.8
28	66	0.8
28	67	0.4
28	68	0.6
28	69	0.6
28	70	0.8
28	71	0.4
28	72	0.6
29	1	1.0
29	2	1.0
29	3	1.0
29	4	1.0
29	5	1.0
29	6	0.2
29	7	1.0
29	8	1.0
29	9	0
29	10	0
29	11	0.8
29	12	0.4
29	13	0.2
29	14	0.4
29	15	0.8
29	16	0.8
29	17	1.0
29	18	0.6
29	19	1.0
29	20	1.0
29	21	0.6
29	22	0
29	23	0
29	24	1.0
29	25	0.2
29	26	1.0
29	27	1.0
29	28	0.6
29	29	1.0
29	30	0.8
29	31	0.4
29	32	0.8
29	33	0.8
29	34	1.0
29	35	0.6
29	36	1.0
29	37	1.0
29	38	0.2
29	39	1.0
29	40	0.8
29	41	0.8
29	42	1.0
29	43	0
29	44	1.0
29	45	1.0
29	46	0.4
29	47	0.6
29	48	0.6
29	49	0.2
29	50	1.0
29	51	1.0
29	52	1.0
29	53	1.0
29	54	1.0
29	55	0.2
29	56	0.2
29	57	0.4
29	58	0
29	59	1.0
29	60	0
29	61	0.2
29	62	1.0
29	63	1.0
29	64	0.8
29	65	0.8
29	66	0.4
29	67	0.8
29	68	1.0
29	69	1.0
29	70	0.8
29	71	0.8
29	72	1.0
30	1	0.8
30	2	0.8
30	3	0.8
30	4	0.8
30	5	0.8
30	6	0.4
30	7	0.8
30	8	0.8
30	9	0
30	10	0.2
30	11	0.6
30	12	0.2
30	13	0.4
30	14	0.2
30	15	0.6
30	16	0.6
30	17	0.8
30	18	0.4
30	19	0.8
30	20	0.8
30	21	0.4
30	22	0
30	23	0
30	24	0.8
30	25	0.4
30	26	0.8
30	27	0.8
30	28	0.4
30	29	0.8
30	30	1.0
30	31	0.2
30	32	0.6
30	33	0.6
30	34	0.8
30	35	0.8
30	36	0.8
30	37	0.8
30	38	0.4
30	39	0.8
30	40	1.0
30	41	1.0
30	42	0.8
30	43	0.2
30	44	0.8
30	45	0.8
30	46	0.2
30	47	0.4
30	48	0.8
30	49	0.4
30	50	0.8
30	51	0.8
30	52	0.8
30	53	0.8
30	54	0.8
30	55	0.4
30	56	0
30	57	0.2
30	58	0.2
30	59	0.8
30	60	0
30	61	0.4
30	62	0.8
30	63	0.8
30	64	0.6
30	65	0.6
30	66	0.2
30	67	1.0
30	68	0.8
30	69	0.8
30	70	0.6
30	71	1.0
30	72	0.8
31	1	0.4
31	2	0.4
31	3	0.4
31	4	0.4
31	5	0.4
31	6	0
31	7	0.4
31	8	0.4
31	9	0
31	10	0
31	11	0.6
31	12	1.0
31	13	0
31	14	1.0
31	15	0.6
31	16	0.6
31	17	0.4
31	18	0.8
31	19	0.4
31	20	0.4
31	21	0.8
31	22	0
31	23	0
31	24	0.4
31	25	0
31	26	0.4
31	27	0.4
31	28	0.8
31	29	0.4
31	30	0.2
31	31	1.0
31	32	0.6
31	33	0.6
31	34	0.4
31	35	0
31	36	0.4
31	37	0.4
31	38	0
31	39	0.4
31	40	0.2
31	41	0.2
31	42	0.4
31	43	0
31	44	0.4
31	45	0.4
31	46	1.0
31	47	0.8
31	48	0
31	49	0
31	50	0.4
31	51	0.4
31	52	0.4
31	53	0.4
31	54	0.4
31	55	0
31	56	0.8
31	57	1.0
31	58	0
31	59	0.4
31	60	0
31	61	0
31	62	0.4
31	63	0.4
31	64	0.6
31	65	0.6
31	66	1.0
31	67	0.2
31	68	0.4
31	69	0.4
31	70	0.6
31	71	0.2
31	72	0.4
32	1	0.8
32	2	0.8
32	3	0.8
32	4	0.8
32	5	0.8
32	6	0
32	7	0.8
32	8	0.8
32	9	0
32	10	0
32	11	1.0
32	12	0.6
32	13	0
32	14	0.6
32	15	1.0
32	16	1.0
32	17	0.8
32	18	0.8
32	19	0.8
32	20	0.8
32	21	0.8
32	22	0
32	23	0
32	24	0.8
32	25	0
32	26	0.8
32	27	0.8
32	28	0.8
32	29	0.8
32	30	0.6
32	31	0.6
32	32	1.0
32	33	1.0
32	34	0.8
32	35	0.4
32	36	0.8
32	37	0.8
32	38	0
32	39	0.8
32	40	0.6
32	41	0.6
32	42	0.8
32	43	0
32	44	0.8
32	45	0.8
32	46	0.6
32	47	0.8
32	48	0.4
32	49	0
32	50	0.8
32	51	0.8
32	52	0.8
32	53	0.8
32	54	0.8
32	55	0
32	56	0.4
32	57	0.6
32	58	0
32	59	0.8
32	60	0
32	61	0
32	62	0.8
32	63	0.8
32	64	1.0
32	65	1.0
32	66	0.6
32	67	0.6
32	68	0.8
32	69	0.8
32	70	1.0
32	71	0.6
32	72	0.8
33	1	0.8
33	2	0.8
33	3	0.8
33	4	0.8
33	5	0.8
33	6	0
33	7	0.8
33	8	0.8
33	9	0
33	10	0
33	11	1.0
33	12	0.6
33	13	0
33	14	0.6
33	15	1.0
33	16	1.0
33	17	0.8
33	18	0.8
33	19	0.8
33	20	0.8
33	21	0.8
33	22	0
33	23	0
33	24	0.8
33	25	0
33	26	0.8
33	27	0.8
33	28	0.8
33	29	0.8
33	30	0.6
33	31	0.6
33	32	1.0
33	33	1.0
33	34	0.8
33	35	0.4
33	36	0.8
33	37	0.8
33	38	0
33	39	0.8
33	40	0.6
33	41	0.6
33	42	0.8
33	43	0
33	44	0.8
33	45	0.8
33	46	0.6
33	47	0.8
33	48	0.4
33	49	0
33	50	0.8
33	51	0.8
33	52	0.8
33	53	0.8
33	54	0.8
33	55	0
33	56	0.4
33	57	0.6
33	58	0
33	59	0.8
33	60	0
33	61	0
33	62	0.8
33	63	0.8
33	64	1.0
33	65	1.0
33	66	0.6
33	67	0.6
33	68	0.8
33	69	0.8
33	70	1.0
33	71	0.6
33	72	0.8
34	1	1.0
34	2	1.0
34	3	1.0
34	4	1.0
34	5	1.0
34	6	0.2
34	7	1.0
34	8	1.0
34	9	0
34	10	0
34	11	0.8
34	12	0.4
34	13	0.2
34	14	0.4
34	15	0.8
34	16	0.8
34	17	1.0
34	18	0.6
34	19	1.0
34	20	1.0
34	21	0.6
34	22	0
34	23	0
34	24	1.0
34	25	0.2
34	26	1.0
34	27	1.0
34	28	0.6
34	29	1.0
34	30	0.8
34	31	0.4
34	32	0.8
34	33	0.8
34	34	1.0
34	35	0.6
34	36	1.0
34	37	1.0
34	38	0.2
34	39	1.0
34	40	0.8
34	41	0.8
34	42	1.0
34	43	0
34	44	1.0
34	45	1.0
34	46	0.4
34	47	0.6
34	48	0.6
34	49	0.2
34	50	1.0
34	51	1.0
34	52	1.0
34	53	1.0
34	54	1.0
34	55	0.2
34	56	0.2
34	57	0.4
34	58	0
34	59	1.0
34	60	0
34	61	0.2
34	62	1.0
34	63	1.0
34	64	0.8
34	65	0.8
34	66	0.4
34	67	0.8
34	68	1.0
34	69	1.0
34	70	0.8
34	71	0.8
34	72	1.0
35	1	0.6
35	2	0.6
35	3	0.6
35	4	0.6
35	5	0.6
35	6	0.6
35	7	0.6
35	8	0.6
35	9	0
35	10	0.4
35	11	0.4
35	12	0
35	13	0.6
35	14	0
35	15	0.4
35	16	0.4
35	17	0.6
35	18	0.2
35	19	0.6
35	20	0.6
35	21	0.2
35	22	0
35	23	0
35	24	0.6
35	25	0.6
35	26	0.6
35	27	0.6
35	28	0.2
35	29	0.6
35	30	0.8
35	31	0
35	32	0.4
35	33	0.4
35	34	0.6
35	35	1.0
35	36	0.6
35	37	0.6
35	38	0.6
35	39	0.6
35	40	0.8
35	41	0.8
35	42	0.6
35	43	0.4
35	44	0.6
35	45	0.6
35	46	0
35	47	0.2
35	48	1.0
35	49	0.6
35	50	0.6
35	51	0.6
35	52	0.6
35	53	0.6
35	54	0.6
35	55	0.6
35	56	0
35	57	0
35	58	0.4
35	59	0.6
35	60	0
35	61	0.6
35	62	0.6
35	63	0.6
35	64	0.4
35	65	0.4
35	66	0
35	67	0.8
35	68	0.6
35	69	0.6
35	70	0.4
35	71	0.8
35	72	0.6
36	1	1.0
36	2	1.0
36	3	1.0
36	4	1.0
36	5	1.0
36	6	0.2
36	7	1.0
36	8	1.0
36	9	0
36	10	0
36	11	0.8
36	12	0.4
36	13	0.2
36	14	0.4
36	15	0.8
36	16	0.8
36	17	1.0
36	18	0.6
36	19	1.0
36	20	1.0
36	21	0.6
36	22	0
36	23	0
36	24	1.0
36	25	0.2
36	26	1.0
36	27	1.0
36	28	0.6
36	29	1.0
36	30	0.8
36	31	0.4
36	32	0.8
36	33	0.8
36	34	1.0
36	35	0.6
36	36	1.0
36	37	1.0
36	38	0.2
36	39	1.0
36	40	0.8
36	41	0.8
36	42	1.0
36	43	0
36	44	1.0
36	45	1.0
36	46	0.4
36	47	0.6
36	48	0.6
36	49	0.2
36	50	1.0
36	51	1.0
36	52	1.0
36	53	1.0
36	54	1.0
36	55	0.2
36	56	0.2
36	57	0.4
36	58	0
36	59	1.0
36	60	0
36	61	0.2
36	62	1.0
36	63	1.0
36	64	0.8
36	65	0.8
36	66	0.4
36	67	0.8
36	68	1.0
36	69	1.0
36	70	0.8
36	71	0.8
36	72	1.0
37	1	1.0
37	2	1.0
37	3	1.0
37	4	1.0
37	5	1.0
37	6	0.2
37	7	1.0
37	8	1.0
37	9	0
37	10	0
37	11	0.8
37	12	0.4
37	13	0.2
37	14	0.4
37	15	0.8
37	16	0.8
37	17	1.0
37	18	0.6
37	19	1.0
37	20	1.0
37	21	0.6
37	22	0
37	23	0
37	24	1.0
37	25	0.2
37	26	1.0
37	27	1.0
37	28	0.6
37	29	1.0
37	30	0.8
37	31	0.4
37	32	0.8
37	33	0.8
37	34	1.0
37	35	0.6
37	36	1.0
37	37	1.0
37	38	0.2
37	39	1.0
37	40	0.8
37	41	0.8
37	42	1.0
37	43	0
37	44	1.0
37	45	1.0
37	46	0.4
37	47	0.6
37	48	0.6
37	49	0.2
37	50	1.0
37	51	1.0
37	52	1.0
37	53	1.0
37	54	1.0
37	55	0.2
37	56	0.2
37	57	0.4
37	58	0
37	59	1.0
37	60	0
37	61	0.2
37	62	1.0
37	63	1.0
37	64	0.8
37	65	0.8
37	66	0.4
37	67	0.8
37	68	1.0
37	69	1.0
37	70	0.8
37	71	0.8
37	72	1.0
38	1	0.2
38	2	0.2
38	3	0.2
38	4	0.2
38	5	0.2
38	6	1.0
38	7	0.2
38	8	0.2
38	9	0
38	10	0.8
38	11	0
38	12	0
38	13	1.0
38	14	0
38	15	0
38	16	0
38	17	0.2
38	18	0
38	19	0.2
38	20	0.2
38	21	0
38	22	0.4
38	23	0
38	24	0.2
38	25	1.0
38	26	0.2
38	27	0.2
38	28	0
38	29	0.2
38	30	0.4
38	31	0
38	32	0
38	33	0
38	34	0.2
38	35	0.6
38	36	0.2
38	37	0.2
38	38	1.0
38	39	0.2
38	40	0.4
38	41	0.4
38	42	0.2
38	43	0.8
38	44	0.2
38	45	0.2
38	46	0
38	47	0
38	48	0.6
38	49	1.0
38	50	0.2
38	51	0.2
38	52	0.2
38	53	0.2
38	54	0.2
38	55	1.0
38	56	0
38	57	0
38	58	0.8
38	59	0.2
38	60	0
38	61	1.0
38	62	0.2
38	63	0.2
38	64	0
38	65	0
38	66	0
38	67	0.4
38	68	0.2
38	69	0.2
38	70	0
38	71	0.4
38	72	0.2
39	1	1.0
39	2	1.0
39	3	1.0
39	4	1.0
39	5	1.0
39	6	0.2
39	7	1.0
39	8	1.0
39	9	0
39	10	0
39	11	0.8
39	12	0.4
39	13	0.2
39	14	0.4
39	15	0.8
39	16	0.8
39	17	1.0
39	18	0.6
39	19	1.0
39	20	1.0
39	21	0.6
39	22	0
39	23	0
39	24	1.0
39	25	0.2
39	26	1.0
39	27	1.0
39	28	0.6
39	29	1.0
39	30	0.8
39	31	0.4
39	32	0.8
39	33	0.8
39	34	1.0
39	35	0.6
39	36	1.0
39	37	1.0
39	38	0.2
39	39	1.0
39	40	0.8
39	41	0.8
39	42	1.0
39	43	0
39	44	1.0
39	45	1.0
39	46	0.4
39	47	0.6
39	48	0.6
39	49	0.2
39	50	1.0
39	51	1.0
39	52	1.0
39	53	1.0
39	54	1.0
39	55	0.2
39	56	0.2
39	57	0.4
39	58	0
39	59	1.0
39	60	0
39	61	0.2
39	62	1.0
39	63	1.0
39	64	0.8
39	65	0.8
39	66	0.4
39	67	0.8
39	68	1.0
39	69	1.0
39	70	0.8
39	71	0.8
39	72	1.0
40	1	0.8
40	2	0.8
40	3	0.8
40	4	0.8
40	5	0.8
40	6	0.4
40	7	0.8
40	8	0.8
40	9	0
40	10	0.2
40	11	0.6
40	12	0.2
40	13	0.4
40	14	0.2
40	15	0.6
40	16	0.6
40	17	0.8
40	18	0.4
40	19	0.8
40	20	0.8
40	21	0.4
40	22	0
40	23	0
40	24	0.8
40	25	0.4
40	26	0.8
40	27	0.8
40	28	0.4
40	29	0.8
40	30	1.0
40	31	0.2
40	32	0.6
40	33	0.6
40	34	0.8
40	35	0.8
40	36	0.8
40	37	0.8
40	38	0.4
40	39	0.8
40	40	1.0
40	41	1.0
40	42	0.8
40	43	0.2
40	44	0.8
40	45	0.8
40	46	0.2
40	47	0.4
40	48	0.8
40	49	0.4
40	50	0.8
40	51	0.8
40	52	0.8
40	53	0.8
40	54	0.8
40	55	0.4
40	56	0
40	57	0.2
40	58	0.2
40	59	0.8
40	60	0
40	61	0.4
40	62	0.8
40	63	0.8
40	64	0.6
40	65	0.6
40	66	0.2
40	67	1.0
40	68	0.8
40	69	0.8
40	70	0.6
40	71	1.0
40	72	0.8
41	1	0.8
41	2	0.8
41	3	0.8
41	4	0.8
41	5	0.8
41	6	0.4
41	7	0.8
41	8	0.8
41	9	0
41	10	0.2
41	11	0.6
41	12	0.2
41	13	0.4
41	14	0.2
41	15	0.6
41	16	0.6
41	17	0.8
41	18	0.4
41	19	0.8
41	20	0.8
41	21	0.4
41	22	0
41	23	0
41	24	0.8
41	25	0.4
41	26	0.8
41	27	0.8
41	28	0.4
41	29	0.8
41	30	1.0
41	31	0.2
41	32	0.6
41	33	0.6
41	34	0.8
41	35	0.8
41	36	0.8
41	37	0.8
41	38	0.4
41	39	0.8
41	40	1.0
41	41	1.0
41	42	0.8
41	43	0.2
41	44	0.8
41	45	0.8
41	46	0.2
41	47	0.4
41	48	0.8
41	49	0.4
41	50	0.8
41	51	0.8
41	52	0.8
41	53	0.8
41	54	0.8
41	55	0.4
41	56	0
41	57	0.2
41	58	0.2
41	59	0.8
41	60	0
41	61	0.4
41	62	0.8
41	63	0.8
41	64	0.6
41	65	0.6
41	66	0.2
41	67	1.0
41	68	0.8
41	69	0.8
41	70	0.6
41	71	1.0
41	72	0.8
42	1	1.0
42	2	1.0
42	3	1.0
42	4	1.0
42	5	1.0
42	6	0.2
42	7	1.0
42	8	1.0
42	9	0
42	10	0
42	11	0.8
42	12	0.4
42	13	0.2
42	14	0.4
42	15	0.8
42	16	0.8
42	17	1.0
42	18	0.6
42	19	1.0
42	20	1.0
42	21	0.6
42	22	0
42	23	0
42	24	1.0
42	25	0.2
42	26	1.0
42	27	1.0
42	28	0.6
42	29	1.0
42	30	0.8
42	31	0.4
42	32	0.8
42	33	0.8
42	34	1.0
42	35	0.6
42	36	1.0
42	37	1.0
42	38	0.2
42	39	1.0
42	40	0.8
42	41	0.8
42	42	1.0
42	43	0
42	44	1.0
42	45	1.0
42	46	0.4
42	47	0.6
42	48	0.6
42	49	0.2
42	50	1.0
42	51	1.0
42	52	1.0
42	53	1.0
42	54	1.0
42	55	0.2
42	56	0.2
42	57	0.4
42	58	0
42	59	1.0
42	60	0
42	61	0.2
42	62	1.0
42	63	1.0
42	64	0.8
42	65	0.8
42	66	0.4
42	67	0.8
42	68	1.0
42	69	1.0
42	70	0.8
42	71	0.8
42	72	1.0
43	1	0
43	2	0
43	3	0
43	4	0
43	5	0
43	6	0.8
43	7	0
43	8	0
43	9	0
43	10	1.0
43	11	0
43	12	0
43	13	0.8
43	14	0
43	15	0
43	16	0
43	17	0
43	18	0
43	19	0
43	20	0
43	21	0
43	22	0.6
43	23	0
43	24	0
43	25	0.8
43	26	0
43	27	0
43	28	0
43	29	0
43	30	0.2
43	31	0
43	32	0
43	33	0
43	34	0
43	35	0.4
43	36	0
43	37	0
43	38	0.8
43	39	0
43	40	0.2
43	41	0.2
43	42	0
43	43	1.0
43	44	0
43	45	0
43	46	0
43	47	0
43	48	0.4
43	49	0.8
43	50	0
43	51	0
43	52	0
43	53	0
43	54	0
43	55	0.8
43	56	0
43	57	0
43	58	1.0
43	59	0
43	60	0
43	61	0.8
43	62	0
43	63	0
43	64	0
43	65	0
43	66	0
43	67	0.2
43	68	0
43	69	0
43	70	0
43	71	0.2
43	72	0
44	1	1.0
44	2	1.0
44	3	1.0
44	4	1.0
44	5	1.0
44	6	0.2
44	7	1.0
44	8	1.0
44	9	0
44	10	0
44	11	0.8
44	12	0.4
44	13	0.2
44	14	0.4
44	15	0.8
44	16	0.8
44	17	1.0
44	18	0.6
44	19	1.0
44	20	1.0
44	21	0.6
44	22	0
44	23	0
44	24	1.0
44	25	0.2
44	26	1.0
44	27	1.0
44	28	0.6
44	29	1.0
44	30	0.8
44	31	0.4
44	32	0.8
44	33	0.8
44	34	1.0
44	35	0.6
44	36	1.0
44	37	1.0
44	38	0.2
44	39	1.0
44	40	0.8
44	41	0.8
44	42	1.0
44	43	0
44	44	1.0
44	45	1.0
44	46	0.4
44	47	0.6
44	48	0.6
44	49	0.2
44	50	1.0
44	51	1.0
44	52	1.0
44	53	1.0
44	54	1.0
44	55	0.2
44	56	0.2
44	57	0.4
44	58	0
44	59	1.0
44	60	0
44	61	0.2
44	62	1.0
44	63	1.0
44	64	0.8
44	65	0.8
44	66	0.4
44	67	0.8
44	68	1.0
44	69	1.0
44	70	0.8
44	71	0.8
44	72	1.0
45	1	1.0
45	2	1.0
45	3	1.0
45	4	1.0
45	5	1.0
45	6	0.2
45	7	1.0
45	8	1.0
45	9	0
45	10	0
45	11	0.8
45	12	0.4
45	13	0.2
45	14	0.4
45	15	0.8
45	16	0.8
45	17	1.0
45	18	0.6
45	19	1.0
45	20	1.0
45	21	0.6
45	22	0
45	23	0
45	24	1.0
45	25	0.2
45	26	1.0
45	27	1.0
45	28	0.6
45	29	1.0
45	30	0.8
45	31	0.4
45	32	0.8
45	33	0.8
45	34	1.0
45	35	0.6
45	36	1.0
45	37	1.0
45	38	0.2
45	39	1.0
45	40	0.8
45	41	0.8
45	42	1.0
45	43	0
45	44	1.0
45	45	1.0
45	46	0.4
45	47	0.6
45	48	0.6
45	49	0.2
45	50	1.0
45	51	1.0
45	52	1.0
45	53	1.0
45	54	1.0
45	55	0.2
45	56	0.2
45	57	0.4
45	58	0
45	59	1.0
45	60	0
45	61	0.2
45	62	1.0
45	63	1.0
45	64	0.8
45	65	0.8
45	66	0.4
45	67	0.8
45	68	1.0
45	69	1.0
45	70	0.8
45	71	0.8
45	72	1.0
46	1	0.4
46	2	0.4
46	3	0.4
46	4	0.4
46	5	0.4
46	6	0
46	7	0.4
46	8	0.4
46	9	0
46	10	0
46	11	0.6
46	12	1.0
46	13	0
46	14	1.0
46	15	0.6
46	16	0.6
46	17	0.4
46	18	0.8
46	19	0.4
46	20	0.4
46	21	0.8
46	22	0
46	23	0
46	24	0.4
46	25	0
46	26	0.4
46	27	0.4
46	28	0.8
46	29	0.4
46	30	0.2
46	31	1.0
46	32	0.6
46	33	0.6
46	34	0.4
46	35	0
46	36	0.4
46	37	0.4
46	38	0
46	39	0.4
46	40	0.2
46	41	0.2
46	42	0.4
46	43	0
46	44	0.4
46	45	0.4
46	46	1.0
46	47	0.8
46	48	0
46	49	0
46	50	0.4
46	51	0.4
46	52	0.4
46	53	0.4
46	54	0.4
46	55	0
46	56	0.8
46	57	1.0
46	58	0
46	59	0.4
46	60	0
46	61	0
46	62	0.4
46	63	0.4
46	64	0.6
46	65	0.6
46	66	1.0
46	67	0.2
46	68	0.4
46	69	0.4
46	70	0.6
46	71	0.2
46	72	0.4
47	1	0.6
47	2	0.6
47	3	0.6
47	4	0.6
47	5	0.6
47	6	0
47	7	0.6
47	8	0.6
47	9	0
47	10	0
47	11	0.8
47	12	0.8
47	13	0
47	14	0.8
47	15	0.8
47	16	0.8
47	17	0.6
47	18	1.0
47	19	0.6
47	20	0.6
47	21	1.0
47	22	0
47	23	0
47	24	0.6
47	25	0
47	26	0.6
47	27	0.6
47	28	1.0
47	29	0.6
47	30	0.4
47	31	0.8
47	32	0.8
47	33	0.8
47	34	0.6
47	35	0.2
47	36	0.6
47	37	0.6
47	38	0
47	39	0.6
47	40	0.4
47	41	0.4
47	42	0.6
47	43	0
47	44	0.6
47	45	0.6
47	46	0.8
47	47	1.0
47	48	0.2
47	49	0
47	50	0.6
47	51	0.6
47	52	0.6
47	53	0.6
47	54	0.6
47	55	0
47	56	0.6
47	57	0.8
47	58	0
47	59	0.6
47	60	0
47	61	0
47	62	0.6
47	63	0.6
47	64	0.8
47	65	0.8
47	66	0.8
47	67	0.4
47	68	0.6
47	69	0.6
47	70	0.8
47	71	0.4
47	72	0.6
48	1	0.6
48	2	0.6
48	3	0.6
48	4	0.6
48	5	0.6
48	6	0.6
48	7	0.6
48	8	0.6
48	9	0
48	10	0.4
48	11	0.4
48	12	0
48	13	0.6
48	14	0
48	15	0.4
48	16	0.4
48	17	0.6
48	18	0.2
48	19	0.6
48	20	0.6
48	21	0.2
48	22	0
48	23	0
48	24	0.6
48	25	0.6
48	26	0.6
48	27	0.6
48	28	0.2
48	29	0.6
48	30	0.8
48	31	0
48	32	0.4
48	33	0.4
48	34	0.6
48	35	1.0
48	36	0.6
48	37	0.6
48	38	0.6
48	39	0.6
48	40	0.8
48	41	0.8
48	42	0.6
48	43	0.4
48	44	0.6
48	45	0.6
48	46	0
48	47	0.2
48	48	1.0
48	49	0.6
48	50	0.6
48	51	0.6
48	52	0.6
48	53	0.6
48	54	0.6
48	55	0.6
48	56	0
48	57	0
48	58	0.4
48	59	0.6
48	60	0
48	61	0.6
48	62	0.6
48	63	0.6
48	64	0.4
48	65	0.4
48	66	0
48	67	0.8
48	68	0.6
48	69	0.6
48	70	0.4
48	71	0.8
48	72	0.6
49	1	0.2
49	2	0.2
49	3	0.2
49	4	0.2
49	5	0.2
49	6	1.0
49	7	0.2
49	8	0.2
49	9	0
49	10	0.8
49	11	0
49	12	0
49	13	1.0
49	14	0
49	15	0
49	16	0
49	17	0.2
49	18	0
49	19	0.2
49	20	0.2
49	21	0
49	22	0.4
49	23	0
49	24	0.2
49	25	1.0
49	26	0.2
49	27	0.2
49	28	0
49	29	0.2
49	30	0.4
49	31	0
49	32	0
49	33	0
49	34	0.2
49	35	0.6
49	36	0.2
49	37	0.2
49	38	1.0
49	39	0.2
49	40	0.4
49	41	0.4
49	42	0.2
49	43	0.8
49	44	0.2
49	45	0.2
49	46	0
49	47	0
49	48	0.6
49	49	1.0
49	50	0.2
49	51	0.2
49	52	0.2
49	53	0.2
49	54	0.2
49	55	1.0
49	56	0
49	57	0
49	58	0.8
49	59	0.2
49	60	0
49	61	1.0
49	62	0.2
49	63	0.2
49	64	0
49	65	0
49	66	0
49	67	0.4
49	68	0.2
49	69	0.2
49	70	0
49	71	0.4
49	72	0.2
50	1	1.0
50	2	1.0
50	3	1.0
50	4	1.0
50	5	1.0
50	6	0.2
50	7	1.0
50	8	1.0
50	9	0
50	10	0
50	11	0.8
50	12	0.4
50	13	0.2
50	14	0.4
50	15	0.8
50	16	0.8
50	17	1.0
50	18	0.6
50	19	1.0
50	20	1.0
50	21	0.6
50	22	0
50	23	0
50	24	1.0
50	25	0.2
50	26	1.0
50	27	1.0
50	28	0.6
50	29	1.0
50	30	0.8
50	31	0.4
50	32	0.8
50	33	0.8
50	34	1.0
50	35	0.6
50	36	1.0
50	37	1.0
50	38	0.2
50	39	1.0
50	40	0.8
50	41	0.8
50	42	1.0
50	43	0
50	44	1.0
50	45	1.0
50	46	0.4
50	47	0.6
50	48	0.6
50	49	0.2
50	50	1.0
50	51	1.0
50	52	1.0
50	53	1.0
50	54	1.0
50	55	0.2
50	56	0.2
50	57	0.4
50	58	0
50	59	1.0
50	60	0
50	61	0.2
50	62	1.0
50	63	1.0
50	64	0.8
50	65	0.8
50	66	0.4
50	67	0.8
50	68	1.0
50	69	1.0
50	70	0.8
50	71	0.8
50	72	1.0
51	1	1.0
51	2	1.0
51	3	1.0
51	4	1.0
51	5	1.0
51	6	0.2
51	7	1.0
51	8	1.0
51	9	0
51	10	0
51	11	0.8
51	12	0.4
51	13	0.2
51	14	0.4
51	15	0.8
51	16	0.8
51	17	1.0
51	18	0.6
51	19	1.0
51	20	1.0
51	21	0.6
51	22	0
51	23	0
51	24	1.0
51	25	0.2
51	26	1.0
51	27	1.0
51	28	0.6
51	29	1.0
51	30	0.8
51	31	0.4
51	32	0.8
51	33	0.8
51	34	1.0
51	35	0.6
51	36	1.0
51	37	1.0
51	38	0.2
51	39	1.0
51	40	0.8
51	41	0.8
51	42	1.0
51	43	0
51	44	1.0
51	45	1.0
51	46	0.4
51	47	0.6
51	48	0.6
51	49	0.2
51	50	1.0
51	51	1.0
51	52	1.0
51	53	1.0
51	54	1.0
51	55	0.2
51	56	0.2
51	57	0.4
51	58	0
51	59	1.0
51	60	0
51	61	0.2
51	62	1.0
51	63	1.0
51	64	0.8
51	65	0.8
51	66	0.4
51	67	0.8
51	68	1.0
51	69	1.0
51	70	0.8
51	71	0.8
51	72	1.0
52	1	1.0
52	2	1.0
52	3	1.0
52	4	1.0
52	5	1.0
52	6	0.2
52	7	1.0
52	8	1.0
52	9	0
52	10	0
52	11	0.8
52	12	0.4
52	13	0.2
52	14	0.4
52	15	0.8
52	16	0.8
52	17	1.0
52	18	0.6
52	19	1.0
52	20	1.0
52	21	0.6
52	22	0
52	23	0
52	24	1.0
52	25	0.2
52	26	1.0
52	27	1.0
52	28	0.6
52	29	1.0
52	30	0.8
52	31	0.4
52	32	0.8
52	33	0.8
52	34	1.0
52	35	0.6
52	36	1.0
52	37	1.0
52	38	0.2
52	39	1.0
52	40	0.8
52	41	0.8
52	42	1.0
52	43	0
52	44	1.0
52	45	1.0
52	46	0.4
52	47	0.6
52	48	0.6
52	49	0.2
52	50	1.0
52	51	1.0
52	52	1.0
52	53	1.0
52	54	1.0
52	55	0.2
52	56	0.2
52	57	0.4
52	58	0
52	59	1.0
52	60	0
52	61	0.2
52	62	1.0
52	63	1.0
52	64	0.8
52	65	0.8
52	66	0.4
52	67	0.8
52	68	1.0
52	69	1.0
52	70	0.8
52	71	0.8
52	72	1.0
53	1	1.0
53	2	1.0
53	3	1.0
53	4	1.0
53	5	1.0
53	6	0.2
53	7	1.0
53	8	1.0
53	9	0
53	10	0
53	11	0.8
53	12	0.4
53	13	0.2
53	14	0.4
53	15	0.8
53	16	0.8
53	17	1.0
53	18	0.6
53	19	1.0
53	20	1.0
53	21	0.6
53	22	0
53	23	0
53	24	1.0
53	25	0.2
53	26	1.0
53	27	1.0
53	28	0.6
53	29	1.0
53	30	0.8
53	31	0.4
53	32	0.8
53	33	0.8
53	34	1.0
53	35	0.6
53	36	1.0
53	37	1.0
53	38	0.2
53	39	1.0
53	40	0.8
53	41	0.8
53	42	1.0
53	43	0
53	44	1.0
53	45	1.0
53	46	0.4
53	47	0.6
53	48	0.6
53	49	0.2
53	50	1.0
53	51	1.0
53	52	1.0
53	53	1.0
53	54	1.0
53	55	0.2
53	56	0.2
53	57	0.4
53	58	0
53	59	1.0
53	60	0
53	61	0.2
53	62	1.0
53	63	1.0
53	64	0.8
53	65	0.8
53	66	0.4
53	67	0.8
53	68	1.0
53	69	1.0
53	70	0.8
53	71	0.8
53	72	1.0
54	1	1.0
54	2	1.0
54	3	1.0
54	4	1.0
54	5	1.0
54	6	0.2
54	7	1.0
54	8	1.0
54	9	0
54	10	0
54	11	0.8
54	12	0.4
54	13	0.2
54	14	0.4
54	15	0.8
54	16	0.8
54	17	1.0
54	18	0.6
54	19	1.0
54	20	1.0
54	21	0.6
54	22	0
54	23	0
54	24	1.0
54	25	0.2
54	26	1.0
54	27	1.0
54	28	0.6
54	29	1.0
54	30	0.8
54	31	0.4
54	32	0.8
54	33	0.8
54	34	1.0
54	35	0.6
54	36	1.0
54	37	1.0
54	38	0.2
54	39	1.0
54	40	0.8
54	41	0.8
54	42	1.0
54	43	0
54	44	1.0
54	45	1.0
54	46	0.4
54	47	0.6
54	48	0.6
54	49	0.2
54	50	1.0
54	51	1.0
54	52	1.0
54	53	1.0
54	54	1.0
54	55	0.2
54	56	0.2
54	57	0.4
54	58	0
54	59	1.0
54	60	0
54	61	0.2
54	62	1.0
54	63	1.0
54	64	0.8
54	65	0.8
54	66	0.4
54	67	0.8
54	68	1.0
54	69	1.0
54	70	0.8
54	71	0.8
54	72	1.0
55	1	0.2
55	2	0.2
55	3	0.2
55	4	0.2
55	5	0.2
55	6	1.0
55	7	0.2
55	8	0.2
55	9	0
55	10	0.8
55	11	0
55	12	0
55	13	1.0
55	14	0
55	15	0
55	16	0
55	17	0.2
55	18	0
55	19	0.2
55	20	0.2
55	21	0
55	22	0.4
55	23	0
55	24	0.2
55	25	1.0
55	26	0.2
55	27	0.2
55	28	0
55	29	0.2
55	30	0.4
55	31	0
55	32	0
55	33	0
55	34	0.2
55	35	0.6
55	36	0.2
55	37	0.2
55	38	1.0
55	39	0.2
55	40	0.4
55	41	0.4
55	42	0.2
55	43	0.8
55	44	0.2
55	45	0.2
55	46	0
55	47	0
55	48	0.6
55	49	1.0
55	50	0.2
55	51	0.2
55	52	0.2
55	53	0.2
55	54	0.2
55	55	1.0
55	56	0
55	57	0
55	58	0.8
55	59	0.2
55	60	0
55	61	1.0
55	62	0.2
55	63	0.2
55	64	0
55	65	0
55	66	0
55	67	0.4
55	68	0.2
55	69	0.2
55	70	0
55	71	0.4
55	72	0.2
56	1	0.2
56	2	0.2
56	3	0.2
56	4	0.2
56	5	0.2
56	6	0
56	7	0.2
56	8	0.2
56	9	0
56	10	0
56	11	0.4
56	12	0.8
56	13	0
56	14	0.8
56	15	0.4
56	16	0.4
56	17	0.2
56	18	0.6
56	19	0.2
56	20	0.2
56	21	0.6
56	22	0
56	23	0
56	24	0.2
56	25	0
56	26	0.2
56	27	0.2
56	28	0.6
56	29	0.2
56	30	0
56	31	0.8
56	32	0.4
56	33	0.4
56	34	0.2
56	35	0
56	36	0.2
56	37	0.2
56	38	0
56	39	0.2
56	40	0
56	41	0
56	42	0.2
56	43	0
56	44	0.2
56	45	0.2
56	46	0.8
56	47	0.6
56	48	0
56	49	0
56	50	0.2
56	51	0.2
56	52	0.2
56	53	0.2
56	54	0.2
56	55	0
56	56	1.0
56	57	0.8
56	58	0
56	59	0.2
56	60	0
56	61	0
56	62	0.2
56	63	0.2
56	64	0.4
56	65	0.4
56	66	0.8
56	67	0
56	68	0.2
56	69	0.2
56	70	0.4
56	71	0
56	72	0.2
57	1	0.4
57	2	0.4
57	3	0.4
57	4	0.4
57	5	0.4
57	6	0
57	7	0.4
57	8	0.4
57	9	0
57	10	0
57	11	0.6
57	12	1.0
57	13	0
57	14	1.0
57	15	0.6
57	16	0.6
57	17	0.4
57	18	0.8
57	19	0.4
57	20	0.4
57	21	0.8
57	22	0
57	23	0
57	24	0.4
57	25	0
57	26	0.4
57	27	0.4
57	28	0.8
57	29	0.4
57	30	0.2
57	31	1.0
57	32	0.6
57	33	0.6
57	34	0.4
57	35	0
57	36	0.4
57	37	0.4
57	38	0
57	39	0.4
57	40	0.2
57	41	0.2
57	42	0.4
57	43	0
57	44	0.4
57	45	0.4
57	46	1.0
57	47	0.8
57	48	0
57	49	0
57	50	0.4
57	51	0.4
57	52	0.4
57	53	0.4
57	54	0.4
57	55	0
57	56	0.8
57	57	1.0
57	58	0
57	59	0.4
57	60	0
57	61	0
57	62	0.4
57	63	0.4
57	64	0.6
57	65	0.6
57	66	1.0
57	67	0.2
57	68	0.4
57	69	0.4
57	70	0.6
57	71	0.2
57	72	0.4
58	1	0
58	2	0
58	3	0
58	4	0
58	5	0
58	6	0.8
58	7	0
58	8	0
58	9	0
58	10	1.0
58	11	0
58	12	0
58	13	0.8
58	14	0
58	15	0
58	16	0
58	17	0
58	18	0
58	19	0
58	20	0
58	21	0
58	22	0.6
58	23	0
58	24	0
58	25	0.8
58	26	0
58	27	0
58	28	0
58	29	0
58	30	0.2
58	31	0
58	32	0
58	33	0
58	34	0
58	35	0.4
58	36	0
58	37	0
58	38	0.8
58	39	0
58	40	0.2
58	41	0.2
58	42	0
58	43	1.0
58	44	0
58	45	0
58	46	0
58	47	0
58	48	0.4
58	49	0.8
58	50	0
58	51	0
58	52	0
58	53	0
58	54	0
58	55	0.8
58	56	0
58	57	0
58	58	1.0
58	59	0
58	60	0
58	61	0.8
58	62	0
58	63	0
58	64	0
58	65	0
58	66	0
58	67	0.2
58	68	0
58	69	0
58	70	0
58	71	0.2
58	72	0
59	1	1.0
59	2	1.0
59	3	1.0
59	4	1.0
59	5	1.0
59	6	0.2
59	7	1.0
59	8	1.0
59	9	0
59	10	0
59	11	0.8
59	12	0.4
59	13	0.2
59	14	0.4
59	15	0.8
59	16	0.8
59	17	1.0
59	18	0.6
59	19	1.0
59	20	1.0
59	21	0.6
59	22	0
59	23	0
59	24	1.0
59	25	0.2
59	26	1.0
59	27	1.0
59	28	0.6
59	29	1.0
59	30	0.8
59	31	0.4
59	32	0.8
59	33	0.8
59	34	1.0
59	35	0.6
59	36	1.0
59	37	1.0
59	38	0.2
59	39	1.0
59	40	0.8
59	41	0.8
59	42	1.0
59	43	0
59	44	1.0
59	45	1.0
59	46	0.4
59	47	0.6
59	48	0.6
59	49	0.2
59	50	1.0
59	51	1.0
59	52	1.0
59	53	1.0
59	54	1.0
59	55	0.2
59	56	0.2
59	57	0.4
59	58	0
59	59	1.0
59	60	0
59	61	0.2
59	62	1.0
59	63	1.0
59	64	0.8
59	65	0.8
59	66	0.4
59	67	0.8
59	68	1.0
59	69	1.0
59	70	0.8
59	71	0.8
59	72	1.0
60	1	0
60	2	0
60	3	0
60	4	0
60	5	0
60	6	0
60	7	0
60	8	0
60	9	1.0
60	10	0
60	11	0
60	12	0
60	13	0
60	14	0
60	15	0
60	16	0
60	17	0
60	18	0
60	19	0
60	20	0
60	21	0
60	22	0
60	23	1.0
60	24	0
60	25	0
60	26	0
60	27	0
60	28	0
60	29	0
60	30	0
60	31	0
60	32	0
60	33	0
60	34	0
60	35	0
60	36	0
60	37	0
60	38	0
60	39	0
60	40	0
60	41	0
60	42	0
60	43	0
60	44	0
60	45	0
60	46	0
60	47	0
60	48	0
60	49	0
60	50	0
60	51	0
60	52	0
60	53	0
60	54	0
60	55	0
60	56	0
60	57	0
60	58	0
60	59	0
60	60	1.0
60	61	0
60	62	0
60	63	0
60	64	0
60	65	0
60	66	0
60	67	0
60	68	0
60	69	0
60	70	0
60	71	0
60	72	0
61	1	0.2
61	2	0.2
61	3	0.2
61	4	0.2
61	5	0.2
61	6	1.0
61	7	0.2
61	8	0.2
61	9	0
61	10	0.8
61	11	0
61	12	0
61	13	1.0
61	14	0
61	15	0
61	16	0
61	17	0.2
61	18	0
61	19	0.2
61	20	0.2
61	21	0
61	22	0.4
61	23	0
61	24	0.2
61	25	1.0
61	26	0.2
61	27	0.2
61	28	0
61	29	0.2
61	30	0.4
61	31	0
61	32	0
61	33	0
61	34	0.2
61	35	0.6
61	36	0.2
61	37	0.2
61	38	1.0
61	39	0.2
61	40	0.4
61	41	0.4
61	42	0.2
61	43	0.8
61	44	0.2
61	45	0.2
61	46	0
61	47	0
61	48	0.6
61	49	1.0
61	50	0.2
61	51	0.2
61	52	0.2
61	53	0.2
61	54	0.2
61	55	1.0
61	56	0
61	57	0
61	58	0.8
61	59	0.2
61	60	0
61	61	1.0
61	62	0.2
61	63	0.2
61	64	0
61	65	0
61	66	0
61	67	0.4
61	68	0.2
61	69	0.2
61	70	0
61	71	0.4
61	72	0.2
62	1	1.0
62	2	1.0
62	3	1.0
62	4	1.0
62	5	1.0
62	6	0.2
62	7	1.0
62	8	1.0
62	9	0
62	10	0
62	11	0.8
62	12	0.4
62	13	0.2
62	14	0.4
62	15	0.8
62	16	0.8
62	17	1.0
62	18	0.6
62	19	1.0
62	20	1.0
62	21	0.6
62	22	0
62	23	0
62	24	1.0
62	25	0.2
62	26	1.0
62	27	1.0
62	28	0.6
62	29	1.0
62	30	0.8
62	31	0.4
62	32	0.8
62	33	0.8
62	34	1.0
62	35	0.6
62	36	1.0
62	37	1.0
62	38	0.2
62	39	1.0
62	40	0.8
62	41	0.8
62	42	1.0
62	43	0
62	44	1.0
62	45	1.0
62	46	0.4
62	47	0.6
62	48	0.6
62	49	0.2
62	50	1.0
62	51	1.0
62	52	1.0
62	53	1.0
62	54	1.0
62	55	0.2
62	56	0.2
62	57	0.4
62	58	0
62	59	1.0
62	60	0
62	61	0.2
62	62	1.0
62	63	1.0
62	64	0.8
62	65	0.8
62	66	0.4
62	67	0.8
62	68	1.0
62	69	1.0
62	70	0.8
62	71	0.8
62	72	1.0
63	1	1.0
63	2	1.0
63	3	1.0
63	4	1.0
63	5	1.0
63	6	0.2
63	7	1.0
63	8	1.0
63	9	0
63	10	0
63	11	0.8
63	12	0.4
63	13	0.2
63	14	0.4
63	15	0.8
63	16	0.8
63	17	1.0
63	18	0.6
63	19	1.0
63	20	1.0
63	21	0.6
63	22	0
63	23	0
63	24	1.0
63	25	0.2
63	26	1.0
63	27	1.0
63	28	0.6
63	29	1.0
63	30	0.8
63	31	0.4
63	32	0.8
63	33	0.8
63	34	1.0
63	35	0.6
63	36	1.0
63	37	1.0
63	38	0.2
63	39	1.0
63	40	0.8
63	41	0.8
63	42	1.0
63	43	0
63	44	1.0
63	45	1.0
63	46	0.4
63	47	0.6
63	48	0.6
63	49	0.2
63	50	1.0
63	51	1.0
63	52	1.0
63	53	1.0
63	54	1.0
63	55	0.2
63	56	0.2
63	57	0.4
63	58	0
63	59	1.0
63	60	0
63	61	0.2
63	62	1.0
63	63	1.0
63	64	0.8
63	65	0.8
63	66	0.4
63	67	0.8
63	68	1.0
63	69	1.0
63	70	0.8
63	71	0.8
63	72	1.0
64	1	0.8
64	2	0.8
64	3	0.8
64	4	0.8
64	5	0.8
64	6	0
64	7	0.8
64	8	0.8
64	9	0
64	10	0
64	11	1.0
64	12	0.6
64	13	0
64	14	0.6
64	15	1.0
64	16	1.0
64	17	0.8
64	18	0.8
64	19	0.8
64	20	0.8
64	21	0.8
64	22	0
64	23	0
64	24	0.8
64	25	0
64	26	0.8
64	27	0.8
64	28	0.8
64	29	0.8
64	30	0.6
64	31	0.6
64	32	1.0
64	33	1.0
64	34	0.8
64	35	0.4
64	36	0.8
64	37	0.8
64	38	0
64	39	0.8
64	40	0.6
64	41	0.6
64	42	0.8
64	43	0
64	44	0.8
64	45	0.8
64	46	0.6
64	47	0.8
64	48	0.4
64	49	0
64	50	0.8
64	51	0.8
64	52	0.8
64	53	0.8
64	54	0.8
64	55	0
64	56	0.4
64	57	0.6
64	58	0
64	59	0.8
64	60	0
64	61	0
64	62	0.8
64	63	0.8
64	64	1.0
64	65	1.0
64	66	0.6
64	67	0.6
64	68	0.8
64	69	0.8
64	70	1.0
64	71	0.6
64	72	0.8
65	1	0.8
65	2	0.8
65	3	0.8
65	4	0.8
65	5	0.8
65	6	0
65	7	0.8
65	8	0.8
65	9	0
65	10	0
65	11	1.0
65	12	0.6
65	13	0
65	14	0.6
65	15	1.0
65	16	1.0
65	17	0.8
65	18	0.8
65	19	0.8
65	20	0.8
65	21	0.8
65	22	0
65	23	0
65	24	0.8
65	25	0
65	26	0.8
65	27	0.8
65	28	0.8
65	29	0.8
65	30	0.6
65	31	0.6
65	32	1.0
65	33	1.0
65	34	0.8
65	35	0.4
65	36	0.8
65	37	0.8
65	38	0
65	39	0.8
65	40	0.6
65	41	0.6
65	42	0.8
65	43	0
65	44	0.8
65	45	0.8
65	46	0.6
65	47	0.8
65	48	0.4
65	49	0
65	50	0.8
65	51	0.8
65	52	0.8
65	53	0.8
65	54	0.8
65	55	0
65	56	0.4
65	57	0.6
65	58	0
65	59	0.8
65	60	0
65	61	0
65	62	0.8
65	63	0.8
65	64	1.0
65	65	1.0
65	66	0.6
65	67	0.6
65	68	0.8
65	69	0.8
65	70	1.0
65	71	0.6
65	72	0.8
66	1	0.4
66	2	0.4
66	3	0.4
66	4	0.4
66	5	0.4
66	6	0
66	7	0.4
66	8	0.4
66	9	0
66	10	0
66	11	0.6
66	12	1.0
66	13	0
66	14	1.0
66	15	0.6
66	16	0.6
66	17	0.4
66	18	0.8
66	19	0.4
66	20	0.4
66	21	0.8
66	22	0
66	23	0
66	24	0.4
66	25	0
66	26	0.4
66	27	0.4
66	28	0.8
66	29	0.4
66	30	0.2
66	31	1.0
66	32	0.6
66	33	0.6
66	34	0.4
66	35	0
66	36	0.4
66	37	0.4
66	38	0
66	39	0.4
66	40	0.2
66	41	0.2
66	42	0.4
66	43	0
66	44	0.4
66	45	0.4
66	46	1.0
66	47	0.8
66	48	0
66	49	0
66	50	0.4
66	51	0.4
66	52	0.4
66	53	0.4
66	54	0.4
66	55	0
66	56	0.8
66	57	1.0
66	58	0
66	59	0.4
66	60	0
66	61	0
66	62	0.4
66	63	0.4
66	64	0.6
66	65	0.6
66	66	1.0
66	67	0.2
66	68	0.4
66	69	0.4
66	70	0.6
66	71	0.2
66	72	0.4
67	1	0.8
67	2	0.8
67	3	0.8
67	4	0.8
67	5	0.8
67	6	0.4
67	7	0.8
67	8	0.8
67	9	0
67	10	0.2
67	11	0.6
67	12	0.2
67	13	0.4
67	14	0.2
67	15	0.6
67	16	0.6
67	17	0.8
67	18	0.4
67	19	0.8
67	20	0.8
67	21	0.4
67	22	0
67	23	0
67	24	0.8
67	25	0.4
67	26	0.8
67	27	0.8
67	28	0.4
67	29	0.8
67	30	1.0
67	31	0.2
67	32	0.6
67	33	0.6
67	34	0.8
67	35	0.8
67	36	0.8
67	37	0.8
67	38	0.4
67	39	0.8
67	40	1.0
67	41	1.0
67	42	0.8
67	43	0.2
67	44	0.8
67	45	0.8
67	46	0.2
67	47	0.4
67	48	0.8
67	49	0.4
67	50	0.8
67	51	0.8
67	52	0.8
67	53	0.8
67	54	0.8
67	55	0.4
67	56	0
67	57	0.2
67	58	0.2
67	59	0.8
67	60	0
67	61	0.4
67	62	0.8
67	63	0.8
67	64	0.6
67	65	0.6
67	66	0.2
67	67	1.0
67	68	0.8
67	69	0.8
67	70	0.6
67	71	1.0
67	72	0.8
68	1	1.0
68	2	1.0
68	3	1.0
68	4	1.0
68	5	1.0
68	6	0.2
68	7	1.0
68	8	1.0
68	9	0
68	10	0
68	11	0.8
68	12	0.4
68	13	0.2
68	14	0.4
68	15	0.8
68	16	0.8
68	17	1.0
68	18	0.6
68	19	1.0
68	20	1.0
68	21	0.6
68	22	0
68	23	0
68	24	1.0
68	25	0.2
68	26	1.0
68	27	1.0
68	28	0.6
68	29	1.0
68	30	0.8
68	31	0.4
68	32	0.8
68	33	0.8
68	34	1.0
68	35	0.6
68	36	1.0
68	37	1.0
68	38	0.2
68	39	1.0
68	40	0.8
68	41	0.8
68	42	1.0
68	43	0
68	44	1.0
68	45	1.0
68	46	0.4
68	47	0.6
68	48	0.6
68	49	0.2
68	50	1.0
68	51	1.0
68	52	1.0
68	53	1.0
68	54	1.0
68	55	0.2
68	56	0.2
68	57	0.4
68	58	0
68	59	1.0
68	60	0
68	61	0.2
68	62	1.0
68	63	1.0
68	64	0.8
68	65	0.8
68	66	0.4
68	67	0.8
68	68	1.0
68	69	1.0
68	70	0.8
68	71	0.8
68	72	1.0
69	1	1.0
69	2	1.0
69	3	1.0
69	4	1.0
69	5	1.0
69	6	0.2
69	7	1.0
69	8	1.0
69	9	0
69	10	0
69	11	0.8
69	12	0.4
69	13	0.2
69	14	0.4
69	15	0.8
69	16	0.8
69	17	1.0
69	18	0.6
69	19	1.0
69	20	1.0
69	21	0.6
69	22	0
69	23	0
69	24	1.0
69	25	0.2
69	26	1.0
69	27	1.0
69	28	0.6
69	29	1.0
69	30	0.8
69	31	0.4
69	32	0.8
69	33	0.8
69	34	1.0
69	35	0.6
69	36	1.0
69	37	1.0
69	38	0.2
69	39	1.0
69	40	0.8
69	41	0.8
69	42	1.0
69	43	0
69	44	1.0
69	45	1.0
69	46	0.4
69	47	0.6
69	48	0.6
69	49	0.2
69	50	1.0
69	51	1.0
69	52	1.0
69	53	1.0
69	54	1.0
69	55	0.2
69	56	0.2
69	57	0.4
69	58	0
69	59	1.0
69	60	0
69	61	0.2
69	62	1.0
69	63	1.0
69	64	0.8
69	65	0.8
69	66	0.4
69	67	0.8
69	68	1.0
69	69	1.0
69	70	0.8
69	71	0.8
69	72	1.0
70	1	0.8
70	2	0.8
70	3	0.8
70	4	0.8
70	5	0.8
70	6	0
70	7	0.8
70	8	0.8
70	9	0
70	10	0
70	11	1.0
70	12	0.6
70	13	0
70	14	0.6
70	15	1.0
70	16	1.0
70	17	0.8
70	18	0.8
70	19	0.8
70	20	0.8
70	21	0.8
70	22	0
70	23	0
70	24	0.8
70	25	0
70	26	0.8
70	27	0.8
70	28	0.8
70	29	0.8
70	30	0.6
70	31	0.6
70	32	1.0
70	33	1.0
70	34	0.8
70	35	0.4
70	36	0.8
70	37	0.8
70	38	0
70	39	0.8
70	40	0.6
70	41	0.6
70	42	0.8
70	43	0
70	44	0.8
70	45	0.8
70	46	0.6
70	47	0.8
70	48	0.4
70	49	0
70	50	0.8
70	51	0.8
70	52	0.8
70	53	0.8
70	54	0.8
70	55	0
70	56	0.4
70	57	0.6
70	58	0
70	59	0.8
70	60	0
70	61	0
70	62	0.8
70	63	0.8
70	64	1.0
70	65	1.0
70	66	0.6
70	67	0.6
70	68	0.8
70	69	0.8
70	70	1.0
70	71	0.6
70	72	0.8
71	1	0.8
71	2	0.8
71	3	0.8
71	4	0.8
71	5	0.8
71	6	0.4
71	7	0.8
71	8	0.8
71	9	0
71	10	0.2
71	11	0.6
71	12	0.2
71	13	0.4
71	14	0.2
71	15	0.6
71	16	0.6
71	17	0.8
71	18	0.4
71	19	0.8
71	20	0.8
71	21	0.4
71	22	0
71	23	0
71	24	0.8
71	25	0.4
71	26	0.8
71	27	0.8
71	28	0.4
71	29	0.8
71	30	1.0
71	31	0.2
71	32	0.6
71	33	0.6
71	34	0.8
71	35	0.8
71	36	0.8
71	37	0.8
71	38	0.4
71	39	0.8
71	40	1.0
71	41	1.0
71	42	0.8
71	43	0.2
71	44	0.8
71	45	0.8
71	46	0.2
71	47	0.4
71	48	0.8
71	49	0.4
71	50	0.8
71	51	0.8
71	52	0.8
71	53	0.8
71	54	0.8
71	55	0.4
71	56	0
71	57	0.2
71	58	0.2
71	59	0.8
71	60	0
71	61	0.4
71	62	0.8
71	63	0.8
71	64	0.6
71	65	0.6
71	66	0.2
71	67	1.0
71	68	0.8
71	69	0.8
71	70	0.6
71	71	1.0
71	72	0.8
72	1	1.0
72	2	1.0
72	3	1.0
72	4	1.0
72	5	1.0
72	6	0.2
72	7	1.0
72	8	1.0
72	9	0
72	10	0
72	11	0.8
72	12	0.4
72	13	0.2
72	14	0.4
72	15	0.8
72	16	0.8
72	17	1.0
72	18	0.6
72	19	1.0
72	20	1.0
72	21	0.6
72	22	0
72	23	0
72	24	1.0
72	25	0.2
72	26	1.0
72	27	1.0
72	28	0.6
72	29	1.0
72	30	0.8
72	31	0.4
72	32	0.8
72	33	0.8
72	34	1.0
72	35	0.6
72	36	1.0
72	37	1.0
72	38	0.2
72	39	1.0
72	40	0.8
72	41	0.8
72	42	1.0
72	43	0
72	44	1.0
72	45	1.0
72	46	0.4
72	47	0.6
72	48	0.6
72	49	0.2
72	50	1.0
72	51	1.0
72	52	1.0
72	53	1.0
72	54	1.0
72	55	0.2
72	56	0.2
72	57	0.4
72	58	0
72	59	1.0
72	60	0
72	61	0.2
72	62	1.0
72	63	1.0
72	64	0.8
72	65	0.8
72	66	0.4
72	67	0.8
72	68	1.0
72	69	1.0
72	70	0.8
72	71	0.8
72	72	1.0
