1	1	1.0
1	2	0
1	3	0.6
1	4	0.4
1	5	0.4
1	6	0.8
1	7	0.8
1	8	0.8
1	9	0.8
1	10	0.6
1	11	0.8
1	12	0.8
1	13	0.6
1	14	0.6
1	15	0.2
1	16	0.8
1	17	0.6
1	18	0.6
1	19	0
1	20	0.6
1	21	0.8
1	22	0.6
1	23	0.6
1	24	0.6
1	25	0.2
1	26	0.6
1	27	0.4
1	28	0.8
1	29	0.8
1	30	0.8
1	31	0.8
1	32	0
1	33	0.8
1	34	0.8
1	35	0.8
1	36	0
1	37	0
1	38	0.8
1	39	0.8
1	40	0.8
1	41	0.8
1	42	0
1	43	0
1	44	0.8
1	45	0.8
1	46	0.8
1	47	0.8
1	48	0.8
1	49	0.8
1	50	0.8
1	51	0.8
1	52	0.8
1	53	0.8
1	54	0.8
1	55	0
1	56	0.8
1	57	0.6
1	58	0.8
1	59	0
1	60	0.8
1	61	0.8
1	62	0.8
1	63	0
1	64	0.8
1	65	0.8
1	66	0.6
1	67	0.8
1	68	0.2
1	69	1.0
1	70	0.8
1	71	0.8
2	1	0
2	2	1.0
2	3	0
2	4	0
2	5	0
2	6	0
2	7	0
2	8	0
2	9	0
2	10	0
2	11	0
2	12	0
2	13	0
2	14	0
2	15	0
2	16	0
2	17	0
2	18	0
2	19	1.0
2	20	0
2	21	0
2	22	0
2	23	0
2	24	0
2	25	0
2	26	0
2	27	0
2	28	0
2	29	0
2	30	0
2	31	0
2	32	0
2	33	0
2	34	0
2	35	0
2	36	0
2	37	1.0
2	38	0
2	39	0
2	40	0
2	41	0
2	42	1.0
2	43	1.0
2	44	0
2	45	0
2	46	0
2	47	0
2	48	0
2	49	0
2	50	0
2	51	0
2	52	0
2	53	0
2	54	0
2	55	1.0
2	56	0
2	57	0
2	58	0
2	59	1.0
2	60	0
2	61	0
2	62	0
2	63	1.0
2	64	0
2	65	0
2	66	0
2	67	0
2	68	0
2	69	0
2	70	0
2	71	0
3	1	0.6
3	2	0
3	3	1.0
3	4	0.8
3	5	0.8
3	6	0.4
3	7	0.4
3	8	0.4
3	9	0.4
3	10	1.0
3	11	0.4
3	12	0.4
3	13	0.2
3	14	0.2
3	15	0.6
3	16	0.8
3	17	0.2
3	18	0.2
3	19	0
3	20	0.2
3	21	0.8
3	22	0.2
3	23	0.2
3	24	0.2
3	25	0.6
3	26	1.0
3	27	0.8
3	28	0.4
3	29	0.4
3	30	0.4
3	31	0.4
3	32	0.2
3	33	0.4
3	34	0.4
3	35	0.4
3	36	0.2
3	37	0
3	38	0.4
3	39	0.4
3	40	0.4
3	41	0.8
3	42	0
3	43	0
3	44	0.8
3	45	0.8
3	46	0.8
3	47	0.8
3	48	0.8
3	49	0.8
3	50	0.8
3	51	0.4
3	52	0.4
3	53	0.4
3	54	0.4
3	55	0
3	56	0.4
3	57	1.0
3	58	0.4
3	59	0
3	60	0.4
3	61	0.4
3	62	0.4
3	63	0
3	64	0.4
3	65	0.4
3	66	1.0
3	67	0.4
3	68	0.6
3	69	0.6
3	70	0.4
3	71	0.4
4	1	0.4
4	2	0
4	3	0.8
4	4	1.0
4	5	1.0
4	6	0.2
4	7	0.2
4	8	0.2
4	9	0.2
4	10	0.8
4	11	0.2
4	12	0.2
4	13	0
4	14	0
4	15	0.8
4	16	0.6
4	17	0
4	18	0
4	19	0
4	20	0
4	21	0.6
4	22	0
4	23	0
4	24	0
4	25	0.8
4	26	0.8
4	27	1.0
4	28	0.2
4	29	0.2
4	30	0.2
4	31	0.2
4	32	0.4
4	33	0.2
4	34	0.2
4	35	0.2
4	36	0.4
4	37	0
4	38	0.2
4	39	0.2
4	40	0.2
4	41	0.6
4	42	0
4	43	0
4	44	0.6
4	45	0.6
4	46	0.6
4	47	0.6
4	48	0.6
4	49	0.6
4	50	0.6
4	51	0.2
4	52	0.2
4	53	0.2
4	54	0.2
4	55	0
4	56	0.2
4	57	0.8
4	58	0.2
4	59	0
4	60	0.2
4	61	0.2
4	62	0.2
4	63	0
4	64	0.2
4	65	0.2
4	66	0.8
4	67	0.2
4	68	0.8
4	69	0.4
4	70	0.2
4	71	0.2
5	1	0.4
5	2	0
5	3	0.8
5	4	1.0
5	5	1.0
5	6	0.2
5	7	0.2
5	8	0.2
5	9	0.2
5	10	0.8
5	11	0.2
5	12	0.2
5	13	0
5	14	0
5	15	0.8
5	16	0.6
5	17	0
5	18	0
5	19	0
5	20	0
5	21	0.6
5	22	0
5	23	0
5	24	0
5	25	0.8
5	26	0.8
5	27	1.0
5	28	0.2
5	29	0.2
5	30	0.2
5	31	0.2
5	32	0.4
5	33	0.2
5	34	0.2
5	35	0.2
5	36	0.4
5	37	0
5	38	0.2
5	39	0.2
5	40	0.2
5	41	0.6
5	42	0
5	43	0
5	44	0.6
5	45	0.6
5	46	0.6
5	47	0.6
5	48	0.6
5	49	0.6
5	50	0.6
5	51	0.2
5	52	0.2
5	53	0.2
5	54	0.2
5	55	0
5	56	0.2
5	57	0.8
5	58	0.2
5	59	0
5	60	0.2
5	61	0.2
5	62	0.2
5	63	0
5	64	0.2
5	65	0.2
5	66	0.8
5	67	0.2
5	68	0.8
5	69	0.4
5	70	0.2
5	71	0.2
6	1	0.8
6	2	0
6	3	0.4
6	4	0.2
6	5	0.2
6	6	1.0
6	7	1.0
6	8	1.0
6	9	1.0
6	10	0.4
6	11	1.0
6	12	1.0
6	13	0.8
6	14	0.8
6	15	0
6	16	0.6
6	17	0.8
6	18	0.8
6	19	0
6	20	0.8
6	21	0.6
6	22	0.8
6	23	0.8
6	24	0.8
6	25	0
6	26	0.4
6	27	0.2
6	28	1.0
6	29	1.0
6	30	1.0
6	31	1.0
6	32	0
6	33	1.0
6	34	1.0
6	35	1.0
6	36	0
6	37	0
6	38	1.0
6	39	1.0
6	40	1.0
6	41	0.6
6	42	0
6	43	0
6	44	0.6
6	45	0.6
6	46	0.6
6	47	0.6
6	48	0.6
6	49	0.6
6	50	0.6
6	51	1.0
6	52	1.0
6	53	1.0
6	54	1.0
6	55	0
6	56	1.0
6	57	0.4
6	58	1.0
6	59	0
6	60	1.0
6	61	1.0
6	62	1.0
6	63	0
6	64	1.0
6	65	1.0
6	66	0.4
6	67	1.0
6	68	0
6	69	0.8
6	70	1.0
6	71	1.0
7	1	0.8
7	2	0
7	3	0.4
7	4	0.2
7	5	0.2
7	6	1.0
7	7	1.0
7	8	1.0
7	9	1.0
7	10	0.4
7	11	1.0
7	12	1.0
7	13	0.8
7	14	0.8
7	15	0
7	16	0.6
7	17	0.8
7	18	0.8
7	19	0
7	20	0.8
7	21	0.6
7	22	0.8
7	23	0.8
7	24	0.8
7	25	0
7	26	0.4
7	27	0.2
7	28	1.0
7	29	1.0
7	30	1.0
7	31	1.0
7	32	0
7	33	1.0
7	34	1.0
7	35	1.0
7	36	0
7	37	0
7	38	1.0
7	39	1.0
7	40	1.0
7	41	0.6
7	42	0
7	43	0
7	44	0.6
7	45	0.6
7	46	0.6
7	47	0.6
7	48	0.6
7	49	0.6
7	50	0.6
7	51	1.0
7	52	1.0
7	53	1.0
7	54	1.0
7	55	0
7	56	1.0
7	57	0.4
7	58	1.0
7	59	0
7	60	1.0
7	61	1.0
7	62	1.0
7	63	0
7	64	1.0
7	65	1.0
7	66	0.4
7	67	1.0
7	68	0
7	69	0.8
7	70	1.0
7	71	1.0
8	1	0.8
8	2	0
8	3	0.4
8	4	0.2
8	5	0.2
8	6	1.0
8	7	1.0
8	8	1.0
8	9	1.0
8	10	0.4
8	11	1.0
8	12	1.0
8	13	0.8
8	14	0.8
8	15	0
8	16	0.6
8	17	0.8
8	18	0.8
8	19	0
8	20	0.8
8	21	0.6
8	22	0.8
8	23	0.8
8	24	0.8
8	25	0
8	26	0.4
8	27	0.2
8	28	1.0
8	29	1.0
8	30	1.0
8	31	1.0
8	32	0
8	33	1.0
8	34	1.0
8	35	1.0
8	36	0
8	37	0
8	38	1.0
8	39	1.0
8	40	1.0
8	41	0.6
8	42	0
8	43	0
8	44	0.6
8	45	0.6
8	46	0.6
8	47	0.6
8	48	0.6
8	49	0.6
8	50	0.6
8	51	1.0
8	52	1.0
8	53	1.0
8	54	1.0
8	55	0
8	56	1.0
8	57	0.4
8	58	1.0
8	59	0
8	60	1.0
8	61	1.0
8	62	1.0
8	63	0
8	64	1.0
8	65	1.0
8	66	0.4
8	67	1.0
8	68	0
8	69	0.8
8	70	1.0
8	71	1.0
9	1	0.8
9	2	0
9	3	0.4
9	4	0.2
9	5	0.2
9	6	1.0
9	7	1.0
9	8	1.0
9	9	1.0
9	10	0.4
9	11	1.0
9	12	1.0
9	13	0.8
9	14	0.8
9	15	0
9	16	0.6
9	17	0.8
9	18	0.8
9	19	0
9	20	0.8
9	21	0.6
9	22	0.8
9	23	0.8
9	24	0.8
9	25	0
9	26	0.4
9	27	0.2
9	28	1.0
9	29	1.0
9	30	1.0
9	31	1.0
9	32	0
9	33	1.0
9	34	1.0
9	35	1.0
9	36	0
9	37	0
9	38	1.0
9	39	1.0
9	40	1.0
9	41	0.6
9	42	0
9	43	0
9	44	0.6
9	45	0.6
9	46	0.6
9	47	0.6
9	48	0.6
9	49	0.6
9	50	0.6
9	51	1.0
9	52	1.0
9	53	1.0
9	54	1.0
9	55	0
9	56	1.0
9	57	0.4
9	58	1.0
9	59	0
9	60	1.0
9	61	1.0
9	62	1.0
9	63	0
9	64	1.0
9	65	1.0
9	66	0.4
9	67	1.0
9	68	0
9	69	0.8
9	70	1.0
9	71	1.0
10	1	0.6
10	2	0
10	3	1.0
10	4	0.8
10	5	0.8
10	6	0.4
10	7	0.4
10	8	0.4
10	9	0.4
10	10	1.0
10	11	0.4
10	12	0.4
10	13	0.2
10	14	0.2
10	15	0.6
10	16	0.8
10	17	0.2
10	18	0.2
10	19	0
10	20	0.2
10	21	0.8
10	22	0.2
10	23	0.2
10	24	0.2
10	25	0.6
10	26	1.0
10	27	0.8
10	28	0.4
10	29	0.4
10	30	0.4
10	31	0.4
10	32	0.2
10	33	0.4
10	34	0.4
10	35	0.4
10	36	0.2
10	37	0
10	38	0.4
10	39	0.4
10	40	0.4
10	41	0.8
10	42	0
10	43	0
10	44	0.8
10	45	0.8
10	46	0.8
10	47	0.8
10	48	0.8
10	49	0.8
10	50	0.8
10	51	0.4
10	52	0.4
10	53	0.4
10	54	0.4
10	55	0
10	56	0.4
10	57	1.0
10	58	0.4
10	59	0
10	60	0.4
10	61	0.4
10	62	0.4
10	63	0
10	64	0.4
10	65	0.4
10	66	1.0
10	67	0.4
10	68	0.6
10	69	0.6
10	70	0.4
10	71	0.4
11	1	0.8
11	2	0
11	3	0.4
11	4	0.2
11	5	0.2
11	6	1.0
11	7	1.0
11	8	1.0
11	9	1.0
11	10	0.4
11	11	1.0
11	12	1.0
11	13	0.8
11	14	0.8
11	15	0
11	16	0.6
11	17	0.8
11	18	0.8
11	19	0
11	20	0.8
11	21	0.6
11	22	0.8
11	23	0.8
11	24	0.8
11	25	0
11	26	0.4
11	27	0.2
11	28	1.0
11	29	1.0
11	30	1.0
11	31	1.0
11	32	0
11	33	1.0
11	34	1.0
11	35	1.0
11	36	0
11	37	0
11	38	1.0
11	39	1.0
11	40	1.0
11	41	0.6
11	42	0
11	43	0
11	44	0.6
11	45	0.6
11	46	0.6
11	47	0.6
11	48	0.6
11	49	0.6
11	50	0.6
11	51	1.0
11	52	1.0
11	53	1.0
11	54	1.0
11	55	0
11	56	1.0
11	57	0.4
11	58	1.0
11	59	0
11	60	1.0
11	61	1.0
11	62	1.0
11	63	0
11	64	1.0
11	65	1.0
11	66	0.4
11	67	1.0
11	68	0
11	69	0.8
11	70	1.0
11	71	1.0
12	1	0.8
12	2	0
12	3	0.4
12	4	0.2
12	5	0.2
12	6	1.0
12	7	1.0
12	8	1.0
12	9	1.0
12	10	0.4
12	11	1.0
12	12	1.0
12	13	0.8
12	14	0.8
12	15	0
12	16	0.6
12	17	0.8
12	18	0.8
12	19	0
12	20	0.8
12	21	0.6
12	22	0.8
12	23	0.8
12	24	0.8
12	25	0
12	26	0.4
12	27	0.2
12	28	1.0
12	29	1.0
12	30	1.0
12	31	1.0
12	32	0
12	33	1.0
12	34	1.0
12	35	1.0
12	36	0
12	37	0
12	38	1.0
12	39	1.0
12	40	1.0
12	41	0.6
12	42	0
12	43	0
12	44	0.6
12	45	0.6
12	46	0.6
12	47	0.6
12	48	0.6
12	49	0.6
12	50	0.6
12	51	1.0
12	52	1.0
12	53	1.0
12	54	1.0
12	55	0
12	56	1.0
12	57	0.4
12	58	1.0
12	59	0
12	60	1.0
12	61	1.0
12	62	1.0
12	63	0
12	64	1.0
12	65	1.0
12	66	0.4
12	67	1.0
12	68	0
12	69	0.8
12	70	1.0
12	71	1.0
13	1	0.6
13	2	0
13	3	0.2
13	4	0
13	5	0
13	6	0.8
13	7	0.8
13	8	0.8
13	9	0.8
13	10	0.2
13	11	0.8
13	12	0.8
13	13	1.0
13	14	1.0
13	15	0
13	16	0.4
13	17	1.0
13	18	1.0
13	19	0
13	20	1.0
13	21	0.4
13	22	1.0
13	23	1.0
13	24	1.0
13	25	0
13	26	0.2
13	27	0
13	28	0.8
13	29	0.8
13	30	0.8
13	31	0.8
13	32	0
13	33	0.8
13	34	0.8
13	35	0.8
13	36	0
13	37	0
13	38	0.8
13	39	0.8
13	40	0.8
13	41	0.4
13	42	0
13	43	0
13	44	0.4
13	45	0.4
13	46	0.4
13	47	0.4
13	48	0.4
13	49	0.4
13	50	0.4
13	51	0.8
13	52	0.8
13	53	0.8
13	54	0.8
13	55	0
13	56	0.8
13	57	0.2
13	58	0.8
13	59	0
13	60	0.8
13	61	0.8
13	62	0.8
13	63	0
13	64	0.8
13	65	0.8
13	66	0.2
13	67	0.8
13	68	0
13	69	0.6
13	70	0.8
13	71	0.8
14	1	0.6
14	2	0
14	3	0.2
14	4	0
14	5	0
14	6	0.8
14	7	0.8
14	8	0.8
14	9	0.8
14	10	0.2
14	11	0.8
14	12	0.8
14	13	1.0
14	14	1.0
14	15	0
14	16	0.4
14	17	1.0
14	18	1.0
14	19	0
14	20	1.0
14	21	0.4
14	22	1.0
14	23	1.0
14	24	1.0
14	25	0
14	26	0.2
14	27	0
14	28	0.8
14	29	0.8
14	30	0.8
14	31	0.8
14	32	0
14	33	0.8
14	34	0.8
14	35	0.8
14	36	0
14	37	0
14	38	0.8
14	39	0.8
14	40	0.8
14	41	0.4
14	42	0
14	43	0
14	44	0.4
14	45	0.4
14	46	0.4
14	47	0.4
14	48	0.4
14	49	0.4
14	50	0.4
14	51	0.8
14	52	0.8
14	53	0.8
14	54	0.8
14	55	0
14	56	0.8
14	57	0.2
14	58	0.8
14	59	0
14	60	0.8
14	61	0.8
14	62	0.8
14	63	0
14	64	0.8
14	65	0.8
14	66	0.2
14	67	0.8
14	68	0
14	69	0.6
14	70	0.8
14	71	0.8
15	1	0.2
15	2	0
15	3	0.6
15	4	0.8
15	5	0.8
15	6	0
15	7	0
15	8	0
15	9	0
15	10	0.6
15	11	0
15	12	0
15	13	0
15	14	0
15	15	1.0
15	16	0.4
15	17	0
15	18	0
15	19	0
15	20	0
15	21	0.4
15	22	0
15	23	0
15	24	0
15	25	1.0
15	26	0.6
15	27	0.8
15	28	0
15	29	0
15	30	0
15	31	0
15	32	0.6
15	33	0
15	34	0
15	35	0
15	36	0.6
15	37	0
15	38	0
15	39	0
15	40	0
15	41	0.4
15	42	0
15	43	0
15	44	0.4
15	45	0.4
15	46	0.4
15	47	0.4
15	48	0.4
15	49	0.4
15	50	0.4
15	51	0
15	52	0
15	53	0
15	54	0
15	55	0
15	56	0
15	57	0.6
15	58	0
15	59	0
15	60	0
15	61	0
15	62	0
15	63	0
15	64	0
15	65	0
15	66	0.6
15	67	0
15	68	1.0
15	69	0.2
15	70	0
15	71	0
16	1	0.8
16	2	0
16	3	0.8
16	4	0.6
16	5	0.6
16	6	0.6
16	7	0.6
16	8	0.6
16	9	0.6
16	10	0.8
16	11	0.6
16	12	0.6
16	13	0.4
16	14	0.4
16	15	0.4
16	16	1.0
16	17	0.4
16	18	0.4
16	19	0
16	20	0.4
16	21	1.0
16	22	0.4
16	23	0.4
16	24	0.4
16	25	0.4
16	26	0.8
16	27	0.6
16	28	0.6
16	29	0.6
16	30	0.6
16	31	0.6
16	32	0
16	33	0.6
16	34	0.6
16	35	0.6
16	36	0
16	37	0
16	38	0.6
16	39	0.6
16	40	0.6
16	41	1.0
16	42	0
16	43	0
16	44	1.0
16	45	1.0
16	46	1.0
16	47	1.0
16	48	1.0
16	49	1.0
16	50	1.0
16	51	0.6
16	52	0.6
16	53	0.6
16	54	0.6
16	55	0
16	56	0.6
16	57	0.8
16	58	0.6
16	59	0
16	60	0.6
16	61	0.6
16	62	0.6
16	63	0
16	64	0.6
16	65	0.6
16	66	0.8
16	67	0.6
16	68	0.4
16	69	0.8
16	70	0.6
16	71	0.6
17	1	0.6
17	2	0
17	3	0.2
17	4	0
17	5	0
17	6	0.8
17	7	0.8
17	8	0.8
17	9	0.8
17	10	0.2
17	11	0.8
17	12	0.8
17	13	1.0
17	14	1.0
17	15	0
17	16	0.4
17	17	1.0
17	18	1.0
17	19	0
17	20	1.0
17	21	0.4
17	22	1.0
17	23	1.0
17	24	1.0
17	25	0
17	26	0.2
17	27	0
17	28	0.8
17	29	0.8
17	30	0.8
17	31	0.8
17	32	0
17	33	0.8
17	34	0.8
17	35	0.8
17	36	0
17	37	0
17	38	0.8
17	39	0.8
17	40	0.8
17	41	0.4
17	42	0
17	43	0
17	44	0.4
17	45	0.4
17	46	0.4
17	47	0.4
17	48	0.4
17	49	0.4
17	50	0.4
17	51	0.8
17	52	0.8
17	53	0.8
17	54	0.8
17	55	0
17	56	0.8
17	57	0.2
17	58	0.8
17	59	0
17	60	0.8
17	61	0.8
17	62	0.8
17	63	0
17	64	0.8
17	65	0.8
17	66	0.2
17	67	0.8
17	68	0
17	69	0.6
17	70	0.8
17	71	0.8
18	1	0.6
18	2	0
18	3	0.2
18	4	0
18	5	0
18	6	0.8
18	7	0.8
18	8	0.8
18	9	0.8
18	10	0.2
18	11	0.8
18	12	0.8
18	13	1.0
18	14	1.0
18	15	0
18	16	0.4
18	17	1.0
18	18	1.0
18	19	0
18	20	1.0
18	21	0.4
18	22	1.0
18	23	1.0
18	24	1.0
18	25	0
18	26	0.2
18	27	0
18	28	0.8
18	29	0.8
18	30	0.8
18	31	0.8
18	32	0
18	33	0.8
18	34	0.8
18	35	0.8
18	36	0
18	37	0
18	38	0.8
18	39	0.8
18	40	0.8
18	41	0.4
18	42	0
18	43	0
18	44	0.4
18	45	0.4
18	46	0.4
18	47	0.4
18	48	0.4
18	49	0.4
18	50	0.4
18	51	0.8
18	52	0.8
18	53	0.8
18	54	0.8
18	55	0
18	56	0.8
18	57	0.2
18	58	0.8
18	59	0
18	60	0.8
18	61	0.8
18	62	0.8
18	63	0
18	64	0.8
18	65	0.8
18	66	0.2
18	67	0.8
18	68	0
18	69	0.6
18	70	0.8
18	71	0.8
19	1	0
19	2	1.0
19	3	0
19	4	0
19	5	0
19	6	0
19	7	0
19	8	0
19	9	0
19	10	0
19	11	0
19	12	0
19	13	0
19	14	0
19	15	0
19	16	0
19	17	0
19	18	0
19	19	1.0
19	20	0
19	21	0
19	22	0
19	23	0
19	24	0
19	25	0
19	26	0
19	27	0
19	28	0
19	29	0
19	30	0
19	31	0
19	32	0
19	33	0
19	34	0
19	35	0
19	36	0
19	37	1.0
19	38	0
19	39	0
19	40	0
19	41	0
19	42	1.0
19	43	1.0
19	44	0
19	45	0
19	46	0
19	47	0
19	48	0
19	49	0
19	50	0
19	51	0
19	52	0
19	53	0
19	54	0
19	55	1.0
19	56	0
19	57	0
19	58	0
19	59	1.0
19	60	0
19	61	0
19	62	0
19	63	1.0
19	64	0
19	65	0
19	66	0
19	67	0
19	68	0
19	69	0
19	70	0
19	71	0
20	1	0.6
20	2	0
20	3	0.2
20	4	0
20	5	0
20	6	0.8
20	7	0.8
20	8	0.8
20	9	0.8
20	10	0.2
20	11	0.8
20	12	0.8
20	13	1.0
20	14	1.0
20	15	0
20	16	0.4
20	17	1.0
20	18	1.0
20	19	0
20	20	1.0
20	21	0.4
20	22	1.0
20	23	1.0
20	24	1.0
20	25	0
20	26	0.2
20	27	0
20	28	0.8
20	29	0.8
20	30	0.8
20	31	0.8
20	32	0
20	33	0.8
20	34	0.8
20	35	0.8
20	36	0
20	37	0
20	38	0.8
20	39	0.8
20	40	0.8
20	41	0.4
20	42	0
20	43	0
20	44	0.4
20	45	0.4
20	46	0.4
20	47	0.4
20	48	0.4
20	49	0.4
20	50	0.4
20	51	0.8
20	52	0.8
20	53	0.8
20	54	0.8
20	55	0
20	56	0.8
20	57	0.2
20	58	0.8
20	59	0
20	60	0.8
20	61	0.8
20	62	0.8
20	63	0
20	64	0.8
20	65	0.8
20	66	0.2
20	67	0.8
20	68	0
20	69	0.6
20	70	0.8
20	71	0.8
21	1	0.8
21	2	0
21	3	0.8
21	4	0.6
21	5	0.6
21	6	0.6
21	7	0.6
21	8	0.6
21	9	0.6
21	10	0.8
21	11	0.6
21	12	0.6
21	13	0.4
21	14	0.4
21	15	0.4
21	16	1.0
21	17	0.4
21	18	0.4
21	19	0
21	20	0.4
21	21	1.0
21	22	0.4
21	23	0.4
21	24	0.4
21	25	0.4
21	26	0.8
21	27	0.6
21	28	0.6
21	29	0.6
21	30	0.6
21	31	0.6
21	32	0
21	33	0.6
21	34	0.6
21	35	0.6
21	36	0
21	37	0
21	38	0.6
21	39	0.6
21	40	0.6
21	41	1.0
21	42	0
21	43	0
21	44	1.0
21	45	1.0
21	46	1.0
21	47	1.0
21	48	1.0
21	49	1.0
21	50	1.0
21	51	0.6
21	52	0.6
21	53	0.6
21	54	0.6
21	55	0
21	56	0.6
21	57	0.8
21	58	0.6
21	59	0
21	60	0.6
21	61	0.6
21	62	0.6
21	63	0
21	64	0.6
21	65	0.6
21	66	0.8
21	67	0.6
21	68	0.4
21	69	0.8
21	70	0.6
21	71	0.6
22	1	0.6
22	2	0
22	3	0.2
22	4	0
22	5	0
22	6	0.8
22	7	0.8
22	8	0.8
22	9	0.8
22	10	0.2
22	11	0.8
22	12	0.8
22	13	1.0
22	14	1.0
22	15	0
22	16	0.4
22	17	1.0
22	18	1.0
22	19	0
22	20	1.0
22	21	0.4
22	22	1.0
22	23	1.0
22	24	1.0
22	25	0
22	26	0.2
22	27	0
22	28	0.8
22	29	0.8
22	30	0.8
22	31	0.8
22	32	0
22	33	0.8
22	34	0.8
22	35	0.8
22	36	0
22	37	0
22	38	0.8
22	39	0.8
22	40	0.8
22	41	0.4
22	42	0
22	43	0
22	44	0.4
22	45	0.4
22	46	0.4
22	47	0.4
22	48	0.4
22	49	0.4
22	50	0.4
22	51	0.8
22	52	0.8
22	53	0.8
22	54	0.8
22	55	0
22	56	0.8
22	57	0.2
22	58	0.8
22	59	0
22	60	0.8
22	61	0.8
22	62	0.8
22	63	0
22	64	0.8
22	65	0.8
22	66	0.2
22	67	0.8
22	68	0
22	69	0.6
22	70	0.8
22	71	0.8
23	1	0.6
23	2	0
23	3	0.2
23	4	0
23	5	0
23	6	0.8
23	7	0.8
23	8	0.8
23	9	0.8
23	10	0.2
23	11	0.8
23	12	0.8
23	13	1.0
23	14	1.0
23	15	0
23	16	0.4
23	17	1.0
23	18	1.0
23	19	0
23	20	1.0
23	21	0.4
23	22	1.0
23	23	1.0
23	24	1.0
23	25	0
23	26	0.2
23	27	0
23	28	0.8
23	29	0.8
23	30	0.8
23	31	0.8
23	32	0
23	33	0.8
23	34	0.8
23	35	0.8
23	36	0
23	37	0
23	38	0.8
23	39	0.8
23	40	0.8
23	41	0.4
23	42	0
23	43	0
23	44	0.4
23	45	0.4
23	46	0.4
23	47	0.4
23	48	0.4
23	49	0.4
23	50	0.4
23	51	0.8
23	52	0.8
23	53	0.8
23	54	0.8
23	55	0
23	56	0.8
23	57	0.2
23	58	0.8
23	59	0
23	60	0.8
23	61	0.8
23	62	0.8
23	63	0
23	64	0.8
23	65	0.8
23	66	0.2
23	67	0.8
23	68	0
23	69	0.6
23	70	0.8
23	71	0.8
24	1	0.6
24	2	0
24	3	0.2
24	4	0
24	5	0
24	6	0.8
24	7	0.8
24	8	0.8
24	9	0.8
24	10	0.2
24	11	0.8
24	12	0.8
24	13	1.0
24	14	1.0
24	15	0
24	16	0.4
24	17	1.0
24	18	1.0
24	19	0
24	20	1.0
24	21	0.4
24	22	1.0
24	23	1.0
24	24	1.0
24	25	0
24	26	0.2
24	27	0
24	28	0.8
24	29	0.8
24	30	0.8
24	31	0.8
24	32	0
24	33	0.8
24	34	0.8
24	35	0.8
24	36	0
24	37	0
24	38	0.8
24	39	0.8
24	40	0.8
24	41	0.4
24	42	0
24	43	0
24	44	0.4
24	45	0.4
24	46	0.4
24	47	0.4
24	48	0.4
24	49	0.4
24	50	0.4
24	51	0.8
24	52	0.8
24	53	0.8
24	54	0.8
24	55	0
24	56	0.8
24	57	0.2
24	58	0.8
24	59	0
24	60	0.8
24	61	0.8
24	62	0.8
24	63	0
24	64	0.8
24	65	0.8
24	66	0.2
24	67	0.8
24	68	0
24	69	0.6
24	70	0.8
24	71	0.8
25	1	0.2
25	2	0
25	3	0.6
25	4	0.8
25	5	0.8
25	6	0
25	7	0
25	8	0
25	9	0
25	10	0.6
25	11	0
25	12	0
25	13	0
25	14	0
25	15	1.0
25	16	0.4
25	17	0
25	18	0
25	19	0
25	20	0
25	21	0.4
25	22	0
25	23	0
25	24	0
25	25	1.0
25	26	0.6
25	27	0.8
25	28	0
25	29	0
25	30	0
25	31	0
25	32	0.6
25	33	0
25	34	0
25	35	0
25	36	0.6
25	37	0
25	38	0
25	39	0
25	40	0
25	41	0.4
25	42	0
25	43	0
25	44	0.4
25	45	0.4
25	46	0.4
25	47	0.4
25	48	0.4
25	49	0.4
25	50	0.4
25	51	0
25	52	0
25	53	0
25	54	0
25	55	0
25	56	0
25	57	0.6
25	58	0
25	59	0
25	60	0
25	61	0
25	62	0
25	63	0
25	64	0
25	65	0
25	66	0.6
25	67	0
25	68	1.0
25	69	0.2
25	70	0
25	71	0
26	1	0.6
26	2	0
26	3	1.0
26	4	0.8
26	5	0.8
26	6	0.4
26	7	0.4
26	8	0.4
26	9	0.4
26	10	1.0
26	11	0.4
26	12	0.4
26	13	0.2
26	14	0.2
26	15	0.6
26	16	0.8
26	17	0.2
26	18	0.2
26	19	0
26	20	0.2
26	21	0.8
26	22	0.2
26	23	0.2
26	24	0.2
26	25	0.6
26	26	1.0
26	27	0.8
26	28	0.4
26	29	0.4
26	30	0.4
26	31	0.4
26	32	0.2
26	33	0.4
26	34	0.4
26	35	0.4
26	36	0.2
26	37	0
26	38	0.4
26	39	0.4
26	40	0.4
26	41	0.8
26	42	0
26	43	0
26	44	0.8
26	45	0.8
26	46	0.8
26	47	0.8
26	48	0.8
26	49	0.8
26	50	0.8
26	51	0.4
26	52	0.4
26	53	0.4
26	54	0.4
26	55	0
26	56	0.4
26	57	1.0
26	58	0.4
26	59	0
26	60	0.4
26	61	0.4
26	62	0.4
26	63	0
26	64	0.4
26	65	0.4
26	66	1.0
26	67	0.4
26	68	0.6
26	69	0.6
26	70	0.4
26	71	0.4
27	1	0.4
27	2	0
27	3	0.8
27	4	1.0
27	5	1.0
27	6	0.2
27	7	0.2
27	8	0.2
27	9	0.2
27	10	0.8
27	11	0.2
27	12	0.2
27	13	0
27	14	0
27	15	0.8
27	16	0.6
27	17	0
27	18	0
27	19	0
27	20	0
27	21	0.6
27	22	0
27	23	0
27	24	0
27	25	0.8
27	26	0.8
27	27	1.0
27	28	0.2
27	29	0.2
27	30	0.2
27	31	0.2
27	32	0.4
27	33	0.2
27	34	0.2
27	35	0.2
27	36	0.4
27	37	0
27	38	0.2
27	39	0.2
27	40	0.2
27	41	0.6
27	42	0
27	43	0
27	44	0.6
27	45	0.6
27	46	0.6
27	47	0.6
27	48	0.6
27	49	0.6
27	50	0.6
27	51	0.2
27	52	0.2
27	53	0.2
27	54	0.2
27	55	0
27	56	0.2
27	57	0.8
27	58	0.2
27	59	0
27	60	0.2
27	61	0.2
27	62	0.2
27	63	0
27	64	0.2
27	65	0.2
27	66	0.8
27	67	0.2
27	68	0.8
27	69	0.4
27	70	0.2
27	71	0.2
28	1	0.8
28	2	0
28	3	0.4
28	4	0.2
28	5	0.2
28	6	1.0
28	7	1.0
28	8	1.0
28	9	1.0
28	10	0.4
28	11	1.0
28	12	1.0
28	13	0.8
28	14	0.8
28	15	0
28	16	0.6
28	17	0.8
28	18	0.8
28	19	0
28	20	0.8
28	21	0.6
28	22	0.8
28	23	0.8
28	24	0.8
28	25	0
28	26	0.4
28	27	0.2
28	28	1.0
28	29	1.0
28	30	1.0
28	31	1.0
28	32	0
28	33	1.0
28	34	1.0
28	35	1.0
28	36	0
28	37	0
28	38	1.0
28	39	1.0
28	40	1.0
28	41	0.6
28	42	0
28	43	0
28	44	0.6
28	45	0.6
28	46	0.6
28	47	0.6
28	48	0.6
28	49	0.6
28	50	0.6
28	51	1.0
28	52	1.0
28	53	1.0
28	54	1.0
28	55	0
28	56	1.0
28	57	0.4
28	58	1.0
28	59	0
28	60	1.0
28	61	1.0
28	62	1.0
28	63	0
28	64	1.0
28	65	1.0
28	66	0.4
28	67	1.0
28	68	0
28	69	0.8
28	70	1.0
28	71	1.0
29	1	0.8
29	2	0
29	3	0.4
29	4	0.2
29	5	0.2
29	6	1.0
29	7	1.0
29	8	1.0
29	9	1.0
29	10	0.4
29	11	1.0
29	12	1.0
29	13	0.8
29	14	0.8
29	15	0
29	16	0.6
29	17	0.8
29	18	0.8
29	19	0
29	20	0.8
29	21	0.6
29	22	0.8
29	23	0.8
29	24	0.8
29	25	0
29	26	0.4
29	27	0.2
29	28	1.0
29	29	1.0
29	30	1.0
29	31	1.0
29	32	0
29	33	1.0
29	34	1.0
29	35	1.0
29	36	0
29	37	0
29	38	1.0
29	39	1.0
29	40	1.0
29	41	0.6
29	42	0
29	43	0
29	44	0.6
29	45	0.6
29	46	0.6
29	47	0.6
29	48	0.6
29	49	0.6
29	50	0.6
29	51	1.0
29	52	1.0
29	53	1.0
29	54	1.0
29	55	0
29	56	1.0
29	57	0.4
29	58	1.0
29	59	0
29	60	1.0
29	61	1.0
29	62	1.0
29	63	0
29	64	1.0
29	65	1.0
29	66	0.4
29	67	1.0
29	68	0
29	69	0.8
29	70	1.0
29	71	1.0
30	1	0.8
30	2	0
30	3	0.4
30	4	0.2
30	5	0.2
30	6	1.0
30	7	1.0
30	8	1.0
30	9	1.0
30	10	0.4
30	11	1.0
30	12	1.0
30	13	0.8
30	14	0.8
30	15	0
30	16	0.6
30	17	0.8
30	18	0.8
30	19	0
30	20	0.8
30	21	0.6
30	22	0.8
30	23	0.8
30	24	0.8
30	25	0
30	26	0.4
30	27	0.2
30	28	1.0
30	29	1.0
30	30	1.0
30	31	1.0
30	32	0
30	33	1.0
30	34	1.0
30	35	1.0
30	36	0
30	37	0
30	38	1.0
30	39	1.0
30	40	1.0
30	41	0.6
30	42	0
30	43	0
30	44	0.6
30	45	0.6
30	46	0.6
30	47	0.6
30	48	0.6
30	49	0.6
30	50	0.6
30	51	1.0
30	52	1.0
30	53	1.0
30	54	1.0
30	55	0
30	56	1.0
30	57	0.4
30	58	1.0
30	59	0
30	60	1.0
30	61	1.0
30	62	1.0
30	63	0
30	64	1.0
30	65	1.0
30	66	0.4
30	67	1.0
30	68	0
30	69	0.8
30	70	1.0
30	71	1.0
31	1	0.8
31	2	0
31	3	0.4
31	4	0.2
31	5	0.2
31	6	1.0
31	7	1.0
31	8	1.0
31	9	1.0
31	10	0.4
31	11	1.0
31	12	1.0
31	13	0.8
31	14	0.8
31	15	0
31	16	0.6
31	17	0.8
31	18	0.8
31	19	0
31	20	0.8
31	21	0.6
31	22	0.8
31	23	0.8
31	24	0.8
31	25	0
31	26	0.4
31	27	0.2
31	28	1.0
31	29	1.0
31	30	1.0
31	31	1.0
31	32	0
31	33	1.0
31	34	1.0
31	35	1.0
31	36	0
31	37	0
31	38	1.0
31	39	1.0
31	40	1.0
31	41	0.6
31	42	0
31	43	0
31	44	0.6
31	45	0.6
31	46	0.6
31	47	0.6
31	48	0.6
31	49	0.6
31	50	0.6
31	51	1.0
31	52	1.0
31	53	1.0
31	54	1.0
31	55	0
31	56	1.0
31	57	0.4
31	58	1.0
31	59	0
31	60	1.0
31	61	1.0
31	62	1.0
31	63	0
31	64	1.0
31	65	1.0
31	66	0.4
31	67	1.0
31	68	0
31	69	0.8
31	70	1.0
31	71	1.0
32	1	0
32	2	0
32	3	0.2
32	4	0.4
32	5	0.4
32	6	0
32	7	0
32	8	0
32	9	0
32	10	0.2
32	11	0
32	12	0
32	13	0
32	14	0
32	15	0.6
32	16	0
32	17	0
32	18	0
32	19	0
32	20	0
32	21	0
32	22	0
32	23	0
32	24	0
32	25	0.6
32	26	0.2
32	27	0.4
32	28	0
32	29	0
32	30	0
32	31	0
32	32	1.0
32	33	0
32	34	0
32	35	0
32	36	1.0
32	37	0
32	38	0
32	39	0
32	40	0
32	41	0
32	42	0
32	43	0
32	44	0
32	45	0
32	46	0
32	47	0
32	48	0
32	49	0
32	50	0
32	51	0
32	52	0
32	53	0
32	54	0
32	55	0
32	56	0
32	57	0.2
32	58	0
32	59	0
32	60	0
32	61	0
32	62	0
32	63	0
32	64	0
32	65	0
32	66	0.2
32	67	0
32	68	0.6
32	69	0
32	70	0
32	71	0
33	1	0.8
33	2	0
33	3	0.4
33	4	0.2
33	5	0.2
33	6	1.0
33	7	1.0
33	8	1.0
33	9	1.0
33	10	0.4
33	11	1.0
33	12	1.0
33	13	0.8
33	14	0.8
33	15	0
33	16	0.6
33	17	0.8
33	18	0.8
33	19	0
33	20	0.8
33	21	0.6
33	22	0.8
33	23	0.8
33	24	0.8
33	25	0
33	26	0.4
33	27	0.2
33	28	1.0
33	29	1.0
33	30	1.0
33	31	1.0
33	32	0
33	33	1.0
33	34	1.0
33	35	1.0
33	36	0
33	37	0
33	38	1.0
33	39	1.0
33	40	1.0
33	41	0.6
33	42	0
33	43	0
33	44	0.6
33	45	0.6
33	46	0.6
33	47	0.6
33	48	0.6
33	49	0.6
33	50	0.6
33	51	1.0
33	52	1.0
33	53	1.0
33	54	1.0
33	55	0
33	56	1.0
33	57	0.4
33	58	1.0
33	59	0
33	60	1.0
33	61	1.0
33	62	1.0
33	63	0
33	64	1.0
33	65	1.0
33	66	0.4
33	67	1.0
33	68	0
33	69	0.8
33	70	1.0
33	71	1.0
34	1	0.8
34	2	0
34	3	0.4
34	4	0.2
34	5	0.2
34	6	1.0
34	7	1.0
34	8	1.0
34	9	1.0
34	10	0.4
34	11	1.0
34	12	1.0
34	13	0.8
34	14	0.8
34	15	0
34	16	0.6
34	17	0.8
34	18	0.8
34	19	0
34	20	0.8
34	21	0.6
34	22	0.8
34	23	0.8
34	24	0.8
34	25	0
34	26	0.4
34	27	0.2
34	28	1.0
34	29	1.0
34	30	1.0
34	31	1.0
34	32	0
34	33	1.0
34	34	1.0
34	35	1.0
34	36	0
34	37	0
34	38	1.0
34	39	1.0
34	40	1.0
34	41	0.6
34	42	0
34	43	0
34	44	0.6
34	45	0.6
34	46	0.6
34	47	0.6
34	48	0.6
34	49	0.6
34	50	0.6
34	51	1.0
34	52	1.0
34	53	1.0
34	54	1.0
34	55	0
34	56	1.0
34	57	0.4
34	58	1.0
34	59	0
34	60	1.0
34	61	1.0
34	62	1.0
34	63	0
34	64	1.0
34	65	1.0
34	66	0.4
34	67	1.0
34	68	0
34	69	0.8
34	70	1.0
34	71	1.0
35	1	0.8
35	2	0
35	3	0.4
35	4	0.2
35	5	0.2
35	6	1.0
35	7	1.0
35	8	1.0
35	9	1.0
35	10	0.4
35	11	1.0
35	12	1.0
35	13	0.8
35	14	0.8
35	15	0
35	16	0.6
35	17	0.8
35	18	0.8
35	19	0
35	20	0.8
35	21	0.6
35	22	0.8
35	23	0.8
35	24	0.8
35	25	0
35	26	0.4
35	27	0.2
35	28	1.0
35	29	1.0
35	30	1.0
35	31	1.0
35	32	0
35	33	1.0
35	34	1.0
35	35	1.0
35	36	0
35	37	0
35	38	1.0
35	39	1.0
35	40	1.0
35	41	0.6
35	42	0
35	43	0
35	44	0.6
35	45	0.6
35	46	0.6
35	47	0.6
35	48	0.6
35	49	0.6
35	50	0.6
35	51	1.0
35	52	1.0
35	53	1.0
35	54	1.0
35	55	0
35	56	1.0
35	57	0.4
35	58	1.0
35	59	0
35	60	1.0
35	61	1.0
35	62	1.0
35	63	0
35	64	1.0
35	65	1.0
35	66	0.4
35	67	1.0
35	68	0
35	69	0.8
35	70	1.0
35	71	1.0
36	1	0
36	2	0
36	3	0.2
36	4	0.4
36	5	0.4
36	6	0
36	7	0
36	8	0
36	9	0
36	10	0.2
36	11	0
36	12	0
36	13	0
36	14	0
36	15	0.6
36	16	0
36	17	0
36	18	0
36	19	0
36	20	0
36	21	0
36	22	0
36	23	0
36	24	0
36	25	0.6
36	26	0.2
36	27	0.4
36	28	0
36	29	0
36	30	0
36	31	0
36	32	1.0
36	33	0
36	34	0
36	35	0
36	36	1.0
36	37	0
36	38	0
36	39	0
36	40	0
36	41	0
36	42	0
36	43	0
36	44	0
36	45	0
36	46	0
36	47	0
36	48	0
36	49	0
36	50	0
36	51	0
36	52	0
36	53	0
36	54	0
36	55	0
36	56	0
36	57	0.2
36	58	0
36	59	0
36	60	0
36	61	0
36	62	0
36	63	0
36	64	0
36	65	0
36	66	0.2
36	67	0
36	68	0.6
36	69	0
36	70	0
36	71	0
37	1	0
37	2	1.0
37	3	0
37	4	0
37	5	0
37	6	0
37	7	0
37	8	0
37	9	0
37	10	0
37	11	0
37	12	0
37	13	0
37	14	0
37	15	0
37	16	0
37	17	0
37	18	0
37	19	1.0
37	20	0
37	21	0
37	22	0
37	23	0
37	24	0
37	25	0
37	26	0
37	27	0
37	28	0
37	29	0
37	30	0
37	31	0
37	32	0
37	33	0
37	34	0
37	35	0
37	36	0
37	37	1.0
37	38	0
37	39	0
37	40	0
37	41	0
37	42	1.0
37	43	1.0
37	44	0
37	45	0
37	46	0
37	47	0
37	48	0
37	49	0
37	50	0
37	51	0
37	52	0
37	53	0
37	54	0
37	55	1.0
37	56	0
37	57	0
37	58	0
37	59	1.0
37	60	0
37	61	0
37	62	0
37	63	1.0
37	64	0
37	65	0
37	66	0
37	67	0
37	68	0
37	69	0
37	70	0
37	71	0
38	1	0.8
38	2	0
38	3	0.4
38	4	0.2
38	5	0.2
38	6	1.0
38	7	1.0
38	8	1.0
38	9	1.0
38	10	0.4
38	11	1.0
38	12	1.0
38	13	0.8
38	14	0.8
38	15	0
38	16	0.6
38	17	0.8
38	18	0.8
38	19	0
38	20	0.8
38	21	0.6
38	22	0.8
38	23	0.8
38	24	0.8
38	25	0
38	26	0.4
38	27	0.2
38	28	1.0
38	29	1.0
38	30	1.0
38	31	1.0
38	32	0
38	33	1.0
38	34	1.0
38	35	1.0
38	36	0
38	37	0
38	38	1.0
38	39	1.0
38	40	1.0
38	41	0.6
38	42	0
38	43	0
38	44	0.6
38	45	0.6
38	46	0.6
38	47	0.6
38	48	0.6
38	49	0.6
38	50	0.6
38	51	1.0
38	52	1.0
38	53	1.0
38	54	1.0
38	55	0
38	56	1.0
38	57	0.4
38	58	1.0
38	59	0
38	60	1.0
38	61	1.0
38	62	1.0
38	63	0
38	64	1.0
38	65	1.0
38	66	0.4
38	67	1.0
38	68	0
38	69	0.8
38	70	1.0
38	71	1.0
39	1	0.8
39	2	0
39	3	0.4
39	4	0.2
39	5	0.2
39	6	1.0
39	7	1.0
39	8	1.0
39	9	1.0
39	10	0.4
39	11	1.0
39	12	1.0
39	13	0.8
39	14	0.8
39	15	0
39	16	0.6
39	17	0.8
39	18	0.8
39	19	0
39	20	0.8
39	21	0.6
39	22	0.8
39	23	0.8
39	24	0.8
39	25	0
39	26	0.4
39	27	0.2
39	28	1.0
39	29	1.0
39	30	1.0
39	31	1.0
39	32	0
39	33	1.0
39	34	1.0
39	35	1.0
39	36	0
39	37	0
39	38	1.0
39	39	1.0
39	40	1.0
39	41	0.6
39	42	0
39	43	0
39	44	0.6
39	45	0.6
39	46	0.6
39	47	0.6
39	48	0.6
39	49	0.6
39	50	0.6
39	51	1.0
39	52	1.0
39	53	1.0
39	54	1.0
39	55	0
39	56	1.0
39	57	0.4
39	58	1.0
39	59	0
39	60	1.0
39	61	1.0
39	62	1.0
39	63	0
39	64	1.0
39	65	1.0
39	66	0.4
39	67	1.0
39	68	0
39	69	0.8
39	70	1.0
39	71	1.0
40	1	0.8
40	2	0
40	3	0.4
40	4	0.2
40	5	0.2
40	6	1.0
40	7	1.0
40	8	1.0
40	9	1.0
40	10	0.4
40	11	1.0
40	12	1.0
40	13	0.8
40	14	0.8
40	15	0
40	16	0.6
40	17	0.8
40	18	0.8
40	19	0
40	20	0.8
40	21	0.6
40	22	0.8
40	23	0.8
40	24	0.8
40	25	0
40	26	0.4
40	27	0.2
40	28	1.0
40	29	1.0
40	30	1.0
40	31	1.0
40	32	0
40	33	1.0
40	34	1.0
40	35	1.0
40	36	0
40	37	0
40	38	1.0
40	39	1.0
40	40	1.0
40	41	0.6
40	42	0
40	43	0
40	44	0.6
40	45	0.6
40	46	0.6
40	47	0.6
40	48	0.6
40	49	0.6
40	50	0.6
40	51	1.0
40	52	1.0
40	53	1.0
40	54	1.0
40	55	0
40	56	1.0
40	57	0.4
40	58	1.0
40	59	0
40	60	1.0
40	61	1.0
40	62	1.0
40	63	0
40	64	1.0
40	65	1.0
40	66	0.4
40	67	1.0
40	68	0
40	69	0.8
40	70	1.0
40	71	1.0
41	1	0.8
41	2	0
41	3	0.8
41	4	0.6
41	5	0.6
41	6	0.6
41	7	0.6
41	8	0.6
41	9	0.6
41	10	0.8
41	11	0.6
41	12	0.6
41	13	0.4
41	14	0.4
41	15	0.4
41	16	1.0
41	17	0.4
41	18	0.4
41	19	0
41	20	0.4
41	21	1.0
41	22	0.4
41	23	0.4
41	24	0.4
41	25	0.4
41	26	0.8
41	27	0.6
41	28	0.6
41	29	0.6
41	30	0.6
41	31	0.6
41	32	0
41	33	0.6
41	34	0.6
41	35	0.6
41	36	0
41	37	0
41	38	0.6
41	39	0.6
41	40	0.6
41	41	1.0
41	42	0
41	43	0
41	44	1.0
41	45	1.0
41	46	1.0
41	47	1.0
41	48	1.0
41	49	1.0
41	50	1.0
41	51	0.6
41	52	0.6
41	53	0.6
41	54	0.6
41	55	0
41	56	0.6
41	57	0.8
41	58	0.6
41	59	0
41	60	0.6
41	61	0.6
41	62	0.6
41	63	0
41	64	0.6
41	65	0.6
41	66	0.8
41	67	0.6
41	68	0.4
41	69	0.8
41	70	0.6
41	71	0.6
42	1	0
42	2	1.0
42	3	0
42	4	0
42	5	0
42	6	0
42	7	0
42	8	0
42	9	0
42	10	0
42	11	0
42	12	0
42	13	0
42	14	0
42	15	0
42	16	0
42	17	0
42	18	0
42	19	1.0
42	20	0
42	21	0
42	22	0
42	23	0
42	24	0
42	25	0
42	26	0
42	27	0
42	28	0
42	29	0
42	30	0
42	31	0
42	32	0
42	33	0
42	34	0
42	35	0
42	36	0
42	37	1.0
42	38	0
42	39	0
42	40	0
42	41	0
42	42	1.0
42	43	1.0
42	44	0
42	45	0
42	46	0
42	47	0
42	48	0
42	49	0
42	50	0
42	51	0
42	52	0
42	53	0
42	54	0
42	55	1.0
42	56	0
42	57	0
42	58	0
42	59	1.0
42	60	0
42	61	0
42	62	0
42	63	1.0
42	64	0
42	65	0
42	66	0
42	67	0
42	68	0
42	69	0
42	70	0
42	71	0
43	1	0
43	2	1.0
43	3	0
43	4	0
43	5	0
43	6	0
43	7	0
43	8	0
43	9	0
43	10	0
43	11	0
43	12	0
43	13	0
43	14	0
43	15	0
43	16	0
43	17	0
43	18	0
43	19	1.0
43	20	0
43	21	0
43	22	0
43	23	0
43	24	0
43	25	0
43	26	0
43	27	0
43	28	0
43	29	0
43	30	0
43	31	0
43	32	0
43	33	0
43	34	0
43	35	0
43	36	0
43	37	1.0
43	38	0
43	39	0
43	40	0
43	41	0
43	42	1.0
43	43	1.0
43	44	0
43	45	0
43	46	0
43	47	0
43	48	0
43	49	0
43	50	0
43	51	0
43	52	0
43	53	0
43	54	0
43	55	1.0
43	56	0
43	57	0
43	58	0
43	59	1.0
43	60	0
43	61	0
43	62	0
43	63	1.0
43	64	0
43	65	0
43	66	0
43	67	0
43	68	0
43	69	0
43	70	0
43	71	0
44	1	0.8
44	2	0
44	3	0.8
44	4	0.6
44	5	0.6
44	6	0.6
44	7	0.6
44	8	0.6
44	9	0.6
44	10	0.8
44	11	0.6
44	12	0.6
44	13	0.4
44	14	0.4
44	15	0.4
44	16	1.0
44	17	0.4
44	18	0.4
44	19	0
44	20	0.4
44	21	1.0
44	22	0.4
44	23	0.4
44	24	0.4
44	25	0.4
44	26	0.8
44	27	0.6
44	28	0.6
44	29	0.6
44	30	0.6
44	31	0.6
44	32	0
44	33	0.6
44	34	0.6
44	35	0.6
44	36	0
44	37	0
44	38	0.6
44	39	0.6
44	40	0.6
44	41	1.0
44	42	0
44	43	0
44	44	1.0
44	45	1.0
44	46	1.0
44	47	1.0
44	48	1.0
44	49	1.0
44	50	1.0
44	51	0.6
44	52	0.6
44	53	0.6
44	54	0.6
44	55	0
44	56	0.6
44	57	0.8
44	58	0.6
44	59	0
44	60	0.6
44	61	0.6
44	62	0.6
44	63	0
44	64	0.6
44	65	0.6
44	66	0.8
44	67	0.6
44	68	0.4
44	69	0.8
44	70	0.6
44	71	0.6
45	1	0.8
45	2	0
45	3	0.8
45	4	0.6
45	5	0.6
45	6	0.6
45	7	0.6
45	8	0.6
45	9	0.6
45	10	0.8
45	11	0.6
45	12	0.6
45	13	0.4
45	14	0.4
45	15	0.4
45	16	1.0
45	17	0.4
45	18	0.4
45	19	0
45	20	0.4
45	21	1.0
45	22	0.4
45	23	0.4
45	24	0.4
45	25	0.4
45	26	0.8
45	27	0.6
45	28	0.6
45	29	0.6
45	30	0.6
45	31	0.6
45	32	0
45	33	0.6
45	34	0.6
45	35	0.6
45	36	0
45	37	0
45	38	0.6
45	39	0.6
45	40	0.6
45	41	1.0
45	42	0
45	43	0
45	44	1.0
45	45	1.0
45	46	1.0
45	47	1.0
45	48	1.0
45	49	1.0
45	50	1.0
45	51	0.6
45	52	0.6
45	53	0.6
45	54	0.6
45	55	0
45	56	0.6
45	57	0.8
45	58	0.6
45	59	0
45	60	0.6
45	61	0.6
45	62	0.6
45	63	0
45	64	0.6
45	65	0.6
45	66	0.8
45	67	0.6
45	68	0.4
45	69	0.8
45	70	0.6
45	71	0.6
46	1	0.8
46	2	0
46	3	0.8
46	4	0.6
46	5	0.6
46	6	0.6
46	7	0.6
46	8	0.6
46	9	0.6
46	10	0.8
46	11	0.6
46	12	0.6
46	13	0.4
46	14	0.4
46	15	0.4
46	16	1.0
46	17	0.4
46	18	0.4
46	19	0
46	20	0.4
46	21	1.0
46	22	0.4
46	23	0.4
46	24	0.4
46	25	0.4
46	26	0.8
46	27	0.6
46	28	0.6
46	29	0.6
46	30	0.6
46	31	0.6
46	32	0
46	33	0.6
46	34	0.6
46	35	0.6
46	36	0
46	37	0
46	38	0.6
46	39	0.6
46	40	0.6
46	41	1.0
46	42	0
46	43	0
46	44	1.0
46	45	1.0
46	46	1.0
46	47	1.0
46	48	1.0
46	49	1.0
46	50	1.0
46	51	0.6
46	52	0.6
46	53	0.6
46	54	0.6
46	55	0
46	56	0.6
46	57	0.8
46	58	0.6
46	59	0
46	60	0.6
46	61	0.6
46	62	0.6
46	63	0
46	64	0.6
46	65	0.6
46	66	0.8
46	67	0.6
46	68	0.4
46	69	0.8
46	70	0.6
46	71	0.6
47	1	0.8
47	2	0
47	3	0.8
47	4	0.6
47	5	0.6
47	6	0.6
47	7	0.6
47	8	0.6
47	9	0.6
47	10	0.8
47	11	0.6
47	12	0.6
47	13	0.4
47	14	0.4
47	15	0.4
47	16	1.0
47	17	0.4
47	18	0.4
47	19	0
47	20	0.4
47	21	1.0
47	22	0.4
47	23	0.4
47	24	0.4
47	25	0.4
47	26	0.8
47	27	0.6
47	28	0.6
47	29	0.6
47	30	0.6
47	31	0.6
47	32	0
47	33	0.6
47	34	0.6
47	35	0.6
47	36	0
47	37	0
47	38	0.6
47	39	0.6
47	40	0.6
47	41	1.0
47	42	0
47	43	0
47	44	1.0
47	45	1.0
47	46	1.0
47	47	1.0
47	48	1.0
47	49	1.0
47	50	1.0
47	51	0.6
47	52	0.6
47	53	0.6
47	54	0.6
47	55	0
47	56	0.6
47	57	0.8
47	58	0.6
47	59	0
47	60	0.6
47	61	0.6
47	62	0.6
47	63	0
47	64	0.6
47	65	0.6
47	66	0.8
47	67	0.6
47	68	0.4
47	69	0.8
47	70	0.6
47	71	0.6
48	1	0.8
48	2	0
48	3	0.8
48	4	0.6
48	5	0.6
48	6	0.6
48	7	0.6
48	8	0.6
48	9	0.6
48	10	0.8
48	11	0.6
48	12	0.6
48	13	0.4
48	14	0.4
48	15	0.4
48	16	1.0
48	17	0.4
48	18	0.4
48	19	0
48	20	0.4
48	21	1.0
48	22	0.4
48	23	0.4
48	24	0.4
48	25	0.4
48	26	0.8
48	27	0.6
48	28	0.6
48	29	0.6
48	30	0.6
48	31	0.6
48	32	0
48	33	0.6
48	34	0.6
48	35	0.6
48	36	0
48	37	0
48	38	0.6
48	39	0.6
48	40	0.6
48	41	1.0
48	42	0
48	43	0
48	44	1.0
48	45	1.0
48	46	1.0
48	47	1.0
48	48	1.0
48	49	1.0
48	50	1.0
48	51	0.6
48	52	0.6
48	53	0.6
48	54	0.6
48	55	0
48	56	0.6
48	57	0.8
48	58	0.6
48	59	0
48	60	0.6
48	61	0.6
48	62	0.6
48	63	0
48	64	0.6
48	65	0.6
48	66	0.8
48	67	0.6
48	68	0.4
48	69	0.8
48	70	0.6
48	71	0.6
49	1	0.8
49	2	0
49	3	0.8
49	4	0.6
49	5	0.6
49	6	0.6
49	7	0.6
49	8	0.6
49	9	0.6
49	10	0.8
49	11	0.6
49	12	0.6
49	13	0.4
49	14	0.4
49	15	0.4
49	16	1.0
49	17	0.4
49	18	0.4
49	19	0
49	20	0.4
49	21	1.0
49	22	0.4
49	23	0.4
49	24	0.4
49	25	0.4
49	26	0.8
49	27	0.6
49	28	0.6
49	29	0.6
49	30	0.6
49	31	0.6
49	32	0
49	33	0.6
49	34	0.6
49	35	0.6
49	36	0
49	37	0
49	38	0.6
49	39	0.6
49	40	0.6
49	41	1.0
49	42	0
49	43	0
49	44	1.0
49	45	1.0
49	46	1.0
49	47	1.0
49	48	1.0
49	49	1.0
49	50	1.0
49	51	0.6
49	52	0.6
49	53	0.6
49	54	0.6
49	55	0
49	56	0.6
49	57	0.8
49	58	0.6
49	59	0
49	60	0.6
49	61	0.6
49	62	0.6
49	63	0
49	64	0.6
49	65	0.6
49	66	0.8
49	67	0.6
49	68	0.4
49	69	0.8
49	70	0.6
49	71	0.6
50	1	0.8
50	2	0
50	3	0.8
50	4	0.6
50	5	0.6
50	6	0.6
50	7	0.6
50	8	0.6
50	9	0.6
50	10	0.8
50	11	0.6
50	12	0.6
50	13	0.4
50	14	0.4
50	15	0.4
50	16	1.0
50	17	0.4
50	18	0.4
50	19	0
50	20	0.4
50	21	1.0
50	22	0.4
50	23	0.4
50	24	0.4
50	25	0.4
50	26	0.8
50	27	0.6
50	28	0.6
50	29	0.6
50	30	0.6
50	31	0.6
50	32	0
50	33	0.6
50	34	0.6
50	35	0.6
50	36	0
50	37	0
50	38	0.6
50	39	0.6
50	40	0.6
50	41	1.0
50	42	0
50	43	0
50	44	1.0
50	45	1.0
50	46	1.0
50	47	1.0
50	48	1.0
50	49	1.0
50	50	1.0
50	51	0.6
50	52	0.6
50	53	0.6
50	54	0.6
50	55	0
50	56	0.6
50	57	0.8
50	58	0.6
50	59	0
50	60	0.6
50	61	0.6
50	62	0.6
50	63	0
50	64	0.6
50	65	0.6
50	66	0.8
50	67	0.6
50	68	0.4
50	69	0.8
50	70	0.6
50	71	0.6
51	1	0.8
51	2	0
51	3	0.4
51	4	0.2
51	5	0.2
51	6	1.0
51	7	1.0
51	8	1.0
51	9	1.0
51	10	0.4
51	11	1.0
51	12	1.0
51	13	0.8
51	14	0.8
51	15	0
51	16	0.6
51	17	0.8
51	18	0.8
51	19	0
51	20	0.8
51	21	0.6
51	22	0.8
51	23	0.8
51	24	0.8
51	25	0
51	26	0.4
51	27	0.2
51	28	1.0
51	29	1.0
51	30	1.0
51	31	1.0
51	32	0
51	33	1.0
51	34	1.0
51	35	1.0
51	36	0
51	37	0
51	38	1.0
51	39	1.0
51	40	1.0
51	41	0.6
51	42	0
51	43	0
51	44	0.6
51	45	0.6
51	46	0.6
51	47	0.6
51	48	0.6
51	49	0.6
51	50	0.6
51	51	1.0
51	52	1.0
51	53	1.0
51	54	1.0
51	55	0
51	56	1.0
51	57	0.4
51	58	1.0
51	59	0
51	60	1.0
51	61	1.0
51	62	1.0
51	63	0
51	64	1.0
51	65	1.0
51	66	0.4
51	67	1.0
51	68	0
51	69	0.8
51	70	1.0
51	71	1.0
52	1	0.8
52	2	0
52	3	0.4
52	4	0.2
52	5	0.2
52	6	1.0
52	7	1.0
52	8	1.0
52	9	1.0
52	10	0.4
52	11	1.0
52	12	1.0
52	13	0.8
52	14	0.8
52	15	0
52	16	0.6
52	17	0.8
52	18	0.8
52	19	0
52	20	0.8
52	21	0.6
52	22	0.8
52	23	0.8
52	24	0.8
52	25	0
52	26	0.4
52	27	0.2
52	28	1.0
52	29	1.0
52	30	1.0
52	31	1.0
52	32	0
52	33	1.0
52	34	1.0
52	35	1.0
52	36	0
52	37	0
52	38	1.0
52	39	1.0
52	40	1.0
52	41	0.6
52	42	0
52	43	0
52	44	0.6
52	45	0.6
52	46	0.6
52	47	0.6
52	48	0.6
52	49	0.6
52	50	0.6
52	51	1.0
52	52	1.0
52	53	1.0
52	54	1.0
52	55	0
52	56	1.0
52	57	0.4
52	58	1.0
52	59	0
52	60	1.0
52	61	1.0
52	62	1.0
52	63	0
52	64	1.0
52	65	1.0
52	66	0.4
52	67	1.0
52	68	0
52	69	0.8
52	70	1.0
52	71	1.0
53	1	0.8
53	2	0
53	3	0.4
53	4	0.2
53	5	0.2
53	6	1.0
53	7	1.0
53	8	1.0
53	9	1.0
53	10	0.4
53	11	1.0
53	12	1.0
53	13	0.8
53	14	0.8
53	15	0
53	16	0.6
53	17	0.8
53	18	0.8
53	19	0
53	20	0.8
53	21	0.6
53	22	0.8
53	23	0.8
53	24	0.8
53	25	0
53	26	0.4
53	27	0.2
53	28	1.0
53	29	1.0
53	30	1.0
53	31	1.0
53	32	0
53	33	1.0
53	34	1.0
53	35	1.0
53	36	0
53	37	0
53	38	1.0
53	39	1.0
53	40	1.0
53	41	0.6
53	42	0
53	43	0
53	44	0.6
53	45	0.6
53	46	0.6
53	47	0.6
53	48	0.6
53	49	0.6
53	50	0.6
53	51	1.0
53	52	1.0
53	53	1.0
53	54	1.0
53	55	0
53	56	1.0
53	57	0.4
53	58	1.0
53	59	0
53	60	1.0
53	61	1.0
53	62	1.0
53	63	0
53	64	1.0
53	65	1.0
53	66	0.4
53	67	1.0
53	68	0
53	69	0.8
53	70	1.0
53	71	1.0
54	1	0.8
54	2	0
54	3	0.4
54	4	0.2
54	5	0.2
54	6	1.0
54	7	1.0
54	8	1.0
54	9	1.0
54	10	0.4
54	11	1.0
54	12	1.0
54	13	0.8
54	14	0.8
54	15	0
54	16	0.6
54	17	0.8
54	18	0.8
54	19	0
54	20	0.8
54	21	0.6
54	22	0.8
54	23	0.8
54	24	0.8
54	25	0
54	26	0.4
54	27	0.2
54	28	1.0
54	29	1.0
54	30	1.0
54	31	1.0
54	32	0
54	33	1.0
54	34	1.0
54	35	1.0
54	36	0
54	37	0
54	38	1.0
54	39	1.0
54	40	1.0
54	41	0.6
54	42	0
54	43	0
54	44	0.6
54	45	0.6
54	46	0.6
54	47	0.6
54	48	0.6
54	49	0.6
54	50	0.6
54	51	1.0
54	52	1.0
54	53	1.0
54	54	1.0
54	55	0
54	56	1.0
54	57	0.4
54	58	1.0
54	59	0
54	60	1.0
54	61	1.0
54	62	1.0
54	63	0
54	64	1.0
54	65	1.0
54	66	0.4
54	67	1.0
54	68	0
54	69	0.8
54	70	1.0
54	71	1.0
55	1	0
55	2	1.0
55	3	0
55	4	0
55	5	0
55	6	0
55	7	0
55	8	0
55	9	0
55	10	0
55	11	0
55	12	0
55	13	0
55	14	0
55	15	0
55	16	0
55	17	0
55	18	0
55	19	1.0
55	20	0
55	21	0
55	22	0
55	23	0
55	24	0
55	25	0
55	26	0
55	27	0
55	28	0
55	29	0
55	30	0
55	31	0
55	32	0
55	33	0
55	34	0
55	35	0
55	36	0
55	37	1.0
55	38	0
55	39	0
55	40	0
55	41	0
55	42	1.0
55	43	1.0
55	44	0
55	45	0
55	46	0
55	47	0
55	48	0
55	49	0
55	50	0
55	51	0
55	52	0
55	53	0
55	54	0
55	55	1.0
55	56	0
55	57	0
55	58	0
55	59	1.0
55	60	0
55	61	0
55	62	0
55	63	1.0
55	64	0
55	65	0
55	66	0
55	67	0
55	68	0
55	69	0
55	70	0
55	71	0
56	1	0.8
56	2	0
56	3	0.4
56	4	0.2
56	5	0.2
56	6	1.0
56	7	1.0
56	8	1.0
56	9	1.0
56	10	0.4
56	11	1.0
56	12	1.0
56	13	0.8
56	14	0.8
56	15	0
56	16	0.6
56	17	0.8
56	18	0.8
56	19	0
56	20	0.8
56	21	0.6
56	22	0.8
56	23	0.8
56	24	0.8
56	25	0
56	26	0.4
56	27	0.2
56	28	1.0
56	29	1.0
56	30	1.0
56	31	1.0
56	32	0
56	33	1.0
56	34	1.0
56	35	1.0
56	36	0
56	37	0
56	38	1.0
56	39	1.0
56	40	1.0
56	41	0.6
56	42	0
56	43	0
56	44	0.6
56	45	0.6
56	46	0.6
56	47	0.6
56	48	0.6
56	49	0.6
56	50	0.6
56	51	1.0
56	52	1.0
56	53	1.0
56	54	1.0
56	55	0
56	56	1.0
56	57	0.4
56	58	1.0
56	59	0
56	60	1.0
56	61	1.0
56	62	1.0
56	63	0
56	64	1.0
56	65	1.0
56	66	0.4
56	67	1.0
56	68	0
56	69	0.8
56	70	1.0
56	71	1.0
57	1	0.6
57	2	0
57	3	1.0
57	4	0.8
57	5	0.8
57	6	0.4
57	7	0.4
57	8	0.4
57	9	0.4
57	10	1.0
57	11	0.4
57	12	0.4
57	13	0.2
57	14	0.2
57	15	0.6
57	16	0.8
57	17	0.2
57	18	0.2
57	19	0
57	20	0.2
57	21	0.8
57	22	0.2
57	23	0.2
57	24	0.2
57	25	0.6
57	26	1.0
57	27	0.8
57	28	0.4
57	29	0.4
57	30	0.4
57	31	0.4
57	32	0.2
57	33	0.4
57	34	0.4
57	35	0.4
57	36	0.2
57	37	0
57	38	0.4
57	39	0.4
57	40	0.4
57	41	0.8
57	42	0
57	43	0
57	44	0.8
57	45	0.8
57	46	0.8
57	47	0.8
57	48	0.8
57	49	0.8
57	50	0.8
57	51	0.4
57	52	0.4
57	53	0.4
57	54	0.4
57	55	0
57	56	0.4
57	57	1.0
57	58	0.4
57	59	0
57	60	0.4
57	61	0.4
57	62	0.4
57	63	0
57	64	0.4
57	65	0.4
57	66	1.0
57	67	0.4
57	68	0.6
57	69	0.6
57	70	0.4
57	71	0.4
58	1	0.8
58	2	0
58	3	0.4
58	4	0.2
58	5	0.2
58	6	1.0
58	7	1.0
58	8	1.0
58	9	1.0
58	10	0.4
58	11	1.0
58	12	1.0
58	13	0.8
58	14	0.8
58	15	0
58	16	0.6
58	17	0.8
58	18	0.8
58	19	0
58	20	0.8
58	21	0.6
58	22	0.8
58	23	0.8
58	24	0.8
58	25	0
58	26	0.4
58	27	0.2
58	28	1.0
58	29	1.0
58	30	1.0
58	31	1.0
58	32	0
58	33	1.0
58	34	1.0
58	35	1.0
58	36	0
58	37	0
58	38	1.0
58	39	1.0
58	40	1.0
58	41	0.6
58	42	0
58	43	0
58	44	0.6
58	45	0.6
58	46	0.6
58	47	0.6
58	48	0.6
58	49	0.6
58	50	0.6
58	51	1.0
58	52	1.0
58	53	1.0
58	54	1.0
58	55	0
58	56	1.0
58	57	0.4
58	58	1.0
58	59	0
58	60	1.0
58	61	1.0
58	62	1.0
58	63	0
58	64	1.0
58	65	1.0
58	66	0.4
58	67	1.0
58	68	0
58	69	0.8
58	70	1.0
58	71	1.0
59	1	0
59	2	1.0
59	3	0
59	4	0
59	5	0
59	6	0
59	7	0
59	8	0
59	9	0
59	10	0
59	11	0
59	12	0
59	13	0
59	14	0
59	15	0
59	16	0
59	17	0
59	18	0
59	19	1.0
59	20	0
59	21	0
59	22	0
59	23	0
59	24	0
59	25	0
59	26	0
59	27	0
59	28	0
59	29	0
59	30	0
59	31	0
59	32	0
59	33	0
59	34	0
59	35	0
59	36	0
59	37	1.0
59	38	0
59	39	0
59	40	0
59	41	0
59	42	1.0
59	43	1.0
59	44	0
59	45	0
59	46	0
59	47	0
59	48	0
59	49	0
59	50	0
59	51	0
59	52	0
59	53	0
59	54	0
59	55	1.0
59	56	0
59	57	0
59	58	0
59	59	1.0
59	60	0
59	61	0
59	62	0
59	63	1.0
59	64	0
59	65	0
59	66	0
59	67	0
59	68	0
59	69	0
59	70	0
59	71	0
60	1	0.8
60	2	0
60	3	0.4
60	4	0.2
60	5	0.2
60	6	1.0
60	7	1.0
60	8	1.0
60	9	1.0
60	10	0.4
60	11	1.0
60	12	1.0
60	13	0.8
60	14	0.8
60	15	0
60	16	0.6
60	17	0.8
60	18	0.8
60	19	0
60	20	0.8
60	21	0.6
60	22	0.8
60	23	0.8
60	24	0.8
60	25	0
60	26	0.4
60	27	0.2
60	28	1.0
60	29	1.0
60	30	1.0
60	31	1.0
60	32	0
60	33	1.0
60	34	1.0
60	35	1.0
60	36	0
60	37	0
60	38	1.0
60	39	1.0
60	40	1.0
60	41	0.6
60	42	0
60	43	0
60	44	0.6
60	45	0.6
60	46	0.6
60	47	0.6
60	48	0.6
60	49	0.6
60	50	0.6
60	51	1.0
60	52	1.0
60	53	1.0
60	54	1.0
60	55	0
60	56	1.0
60	57	0.4
60	58	1.0
60	59	0
60	60	1.0
60	61	1.0
60	62	1.0
60	63	0
60	64	1.0
60	65	1.0
60	66	0.4
60	67	1.0
60	68	0
60	69	0.8
60	70	1.0
60	71	1.0
61	1	0.8
61	2	0
61	3	0.4
61	4	0.2
61	5	0.2
61	6	1.0
61	7	1.0
61	8	1.0
61	9	1.0
61	10	0.4
61	11	1.0
61	12	1.0
61	13	0.8
61	14	0.8
61	15	0
61	16	0.6
61	17	0.8
61	18	0.8
61	19	0
61	20	0.8
61	21	0.6
61	22	0.8
61	23	0.8
61	24	0.8
61	25	0
61	26	0.4
61	27	0.2
61	28	1.0
61	29	1.0
61	30	1.0
61	31	1.0
61	32	0
61	33	1.0
61	34	1.0
61	35	1.0
61	36	0
61	37	0
61	38	1.0
61	39	1.0
61	40	1.0
61	41	0.6
61	42	0
61	43	0
61	44	0.6
61	45	0.6
61	46	0.6
61	47	0.6
61	48	0.6
61	49	0.6
61	50	0.6
61	51	1.0
61	52	1.0
61	53	1.0
61	54	1.0
61	55	0
61	56	1.0
61	57	0.4
61	58	1.0
61	59	0
61	60	1.0
61	61	1.0
61	62	1.0
61	63	0
61	64	1.0
61	65	1.0
61	66	0.4
61	67	1.0
61	68	0
61	69	0.8
61	70	1.0
61	71	1.0
62	1	0.8
62	2	0
62	3	0.4
62	4	0.2
62	5	0.2
62	6	1.0
62	7	1.0
62	8	1.0
62	9	1.0
62	10	0.4
62	11	1.0
62	12	1.0
62	13	0.8
62	14	0.8
62	15	0
62	16	0.6
62	17	0.8
62	18	0.8
62	19	0
62	20	0.8
62	21	0.6
62	22	0.8
62	23	0.8
62	24	0.8
62	25	0
62	26	0.4
62	27	0.2
62	28	1.0
62	29	1.0
62	30	1.0
62	31	1.0
62	32	0
62	33	1.0
62	34	1.0
62	35	1.0
62	36	0
62	37	0
62	38	1.0
62	39	1.0
62	40	1.0
62	41	0.6
62	42	0
62	43	0
62	44	0.6
62	45	0.6
62	46	0.6
62	47	0.6
62	48	0.6
62	49	0.6
62	50	0.6
62	51	1.0
62	52	1.0
62	53	1.0
62	54	1.0
62	55	0
62	56	1.0
62	57	0.4
62	58	1.0
62	59	0
62	60	1.0
62	61	1.0
62	62	1.0
62	63	0
62	64	1.0
62	65	1.0
62	66	0.4
62	67	1.0
62	68	0
62	69	0.8
62	70	1.0
62	71	1.0
63	1	0
63	2	1.0
63	3	0
63	4	0
63	5	0
63	6	0
63	7	0
63	8	0
63	9	0
63	10	0
63	11	0
63	12	0
63	13	0
63	14	0
63	15	0
63	16	0
63	17	0
63	18	0
63	19	1.0
63	20	0
63	21	0
63	22	0
63	23	0
63	24	0
63	25	0
63	26	0
63	27	0
63	28	0
63	29	0
63	30	0
63	31	0
63	32	0
63	33	0
63	34	0
63	35	0
63	36	0
63	37	1.0
63	38	0
63	39	0
63	40	0
63	41	0
63	42	1.0
63	43	1.0
63	44	0
63	45	0
63	46	0
63	47	0
63	48	0
63	49	0
63	50	0
63	51	0
63	52	0
63	53	0
63	54	0
63	55	1.0
63	56	0
63	57	0
63	58	0
63	59	1.0
63	60	0
63	61	0
63	62	0
63	63	1.0
63	64	0
63	65	0
63	66	0
63	67	0
63	68	0
63	69	0
63	70	0
63	71	0
64	1	0.8
64	2	0
64	3	0.4
64	4	0.2
64	5	0.2
64	6	1.0
64	7	1.0
64	8	1.0
64	9	1.0
64	10	0.4
64	11	1.0
64	12	1.0
64	13	0.8
64	14	0.8
64	15	0
64	16	0.6
64	17	0.8
64	18	0.8
64	19	0
64	20	0.8
64	21	0.6
64	22	0.8
64	23	0.8
64	24	0.8
64	25	0
64	26	0.4
64	27	0.2
64	28	1.0
64	29	1.0
64	30	1.0
64	31	1.0
64	32	0
64	33	1.0
64	34	1.0
64	35	1.0
64	36	0
64	37	0
64	38	1.0
64	39	1.0
64	40	1.0
64	41	0.6
64	42	0
64	43	0
64	44	0.6
64	45	0.6
64	46	0.6
64	47	0.6
64	48	0.6
64	49	0.6
64	50	0.6
64	51	1.0
64	52	1.0
64	53	1.0
64	54	1.0
64	55	0
64	56	1.0
64	57	0.4
64	58	1.0
64	59	0
64	60	1.0
64	61	1.0
64	62	1.0
64	63	0
64	64	1.0
64	65	1.0
64	66	0.4
64	67	1.0
64	68	0
64	69	0.8
64	70	1.0
64	71	1.0
65	1	0.8
65	2	0
65	3	0.4
65	4	0.2
65	5	0.2
65	6	1.0
65	7	1.0
65	8	1.0
65	9	1.0
65	10	0.4
65	11	1.0
65	12	1.0
65	13	0.8
65	14	0.8
65	15	0
65	16	0.6
65	17	0.8
65	18	0.8
65	19	0
65	20	0.8
65	21	0.6
65	22	0.8
65	23	0.8
65	24	0.8
65	25	0
65	26	0.4
65	27	0.2
65	28	1.0
65	29	1.0
65	30	1.0
65	31	1.0
65	32	0
65	33	1.0
65	34	1.0
65	35	1.0
65	36	0
65	37	0
65	38	1.0
65	39	1.0
65	40	1.0
65	41	0.6
65	42	0
65	43	0
65	44	0.6
65	45	0.6
65	46	0.6
65	47	0.6
65	48	0.6
65	49	0.6
65	50	0.6
65	51	1.0
65	52	1.0
65	53	1.0
65	54	1.0
65	55	0
65	56	1.0
65	57	0.4
65	58	1.0
65	59	0
65	60	1.0
65	61	1.0
65	62	1.0
65	63	0
65	64	1.0
65	65	1.0
65	66	0.4
65	67	1.0
65	68	0
65	69	0.8
65	70	1.0
65	71	1.0
66	1	0.6
66	2	0
66	3	1.0
66	4	0.8
66	5	0.8
66	6	0.4
66	7	0.4
66	8	0.4
66	9	0.4
66	10	1.0
66	11	0.4
66	12	0.4
66	13	0.2
66	14	0.2
66	15	0.6
66	16	0.8
66	17	0.2
66	18	0.2
66	19	0
66	20	0.2
66	21	0.8
66	22	0.2
66	23	0.2
66	24	0.2
66	25	0.6
66	26	1.0
66	27	0.8
66	28	0.4
66	29	0.4
66	30	0.4
66	31	0.4
66	32	0.2
66	33	0.4
66	34	0.4
66	35	0.4
66	36	0.2
66	37	0
66	38	0.4
66	39	0.4
66	40	0.4
66	41	0.8
66	42	0
66	43	0
66	44	0.8
66	45	0.8
66	46	0.8
66	47	0.8
66	48	0.8
66	49	0.8
66	50	0.8
66	51	0.4
66	52	0.4
66	53	0.4
66	54	0.4
66	55	0
66	56	0.4
66	57	1.0
66	58	0.4
66	59	0
66	60	0.4
66	61	0.4
66	62	0.4
66	63	0
66	64	0.4
66	65	0.4
66	66	1.0
66	67	0.4
66	68	0.6
66	69	0.6
66	70	0.4
66	71	0.4
67	1	0.8
67	2	0
67	3	0.4
67	4	0.2
67	5	0.2
67	6	1.0
67	7	1.0
67	8	1.0
67	9	1.0
67	10	0.4
67	11	1.0
67	12	1.0
67	13	0.8
67	14	0.8
67	15	0
67	16	0.6
67	17	0.8
67	18	0.8
67	19	0
67	20	0.8
67	21	0.6
67	22	0.8
67	23	0.8
67	24	0.8
67	25	0
67	26	0.4
67	27	0.2
67	28	1.0
67	29	1.0
67	30	1.0
67	31	1.0
67	32	0
67	33	1.0
67	34	1.0
67	35	1.0
67	36	0
67	37	0
67	38	1.0
67	39	1.0
67	40	1.0
67	41	0.6
67	42	0
67	43	0
67	44	0.6
67	45	0.6
67	46	0.6
67	47	0.6
67	48	0.6
67	49	0.6
67	50	0.6
67	51	1.0
67	52	1.0
67	53	1.0
67	54	1.0
67	55	0
67	56	1.0
67	57	0.4
67	58	1.0
67	59	0
67	60	1.0
67	61	1.0
67	62	1.0
67	63	0
67	64	1.0
67	65	1.0
67	66	0.4
67	67	1.0
67	68	0
67	69	0.8
67	70	1.0
67	71	1.0
68	1	0.2
68	2	0
68	3	0.6
68	4	0.8
68	5	0.8
68	6	0
68	7	0
68	8	0
68	9	0
68	10	0.6
68	11	0
68	12	0
68	13	0
68	14	0
68	15	1.0
68	16	0.4
68	17	0
68	18	0
68	19	0
68	20	0
68	21	0.4
68	22	0
68	23	0
68	24	0
68	25	1.0
68	26	0.6
68	27	0.8
68	28	0
68	29	0
68	30	0
68	31	0
68	32	0.6
68	33	0
68	34	0
68	35	0
68	36	0.6
68	37	0
68	38	0
68	39	0
68	40	0
68	41	0.4
68	42	0
68	43	0
68	44	0.4
68	45	0.4
68	46	0.4
68	47	0.4
68	48	0.4
68	49	0.4
68	50	0.4
68	51	0
68	52	0
68	53	0
68	54	0
68	55	0
68	56	0
68	57	0.6
68	58	0
68	59	0
68	60	0
68	61	0
68	62	0
68	63	0
68	64	0
68	65	0
68	66	0.6
68	67	0
68	68	1.0
68	69	0.2
68	70	0
68	71	0
69	1	1.0
69	2	0
69	3	0.6
69	4	0.4
69	5	0.4
69	6	0.8
69	7	0.8
69	8	0.8
69	9	0.8
69	10	0.6
69	11	0.8
69	12	0.8
69	13	0.6
69	14	0.6
69	15	0.2
69	16	0.8
69	17	0.6
69	18	0.6
69	19	0
69	20	0.6
69	21	0.8
69	22	0.6
69	23	0.6
69	24	0.6
69	25	0.2
69	26	0.6
69	27	0.4
69	28	0.8
69	29	0.8
69	30	0.8
69	31	0.8
69	32	0
69	33	0.8
69	34	0.8
69	35	0.8
69	36	0
69	37	0
69	38	0.8
69	39	0.8
69	40	0.8
69	41	0.8
69	42	0
69	43	0
69	44	0.8
69	45	0.8
69	46	0.8
69	47	0.8
69	48	0.8
69	49	0.8
69	50	0.8
69	51	0.8
69	52	0.8
69	53	0.8
69	54	0.8
69	55	0
69	56	0.8
69	57	0.6
69	58	0.8
69	59	0
69	60	0.8
69	61	0.8
69	62	0.8
69	63	0
69	64	0.8
69	65	0.8
69	66	0.6
69	67	0.8
69	68	0.2
69	69	1.0
69	70	0.8
69	71	0.8
70	1	0.8
70	2	0
70	3	0.4
70	4	0.2
70	5	0.2
70	6	1.0
70	7	1.0
70	8	1.0
70	9	1.0
70	10	0.4
70	11	1.0
70	12	1.0
70	13	0.8
70	14	0.8
70	15	0
70	16	0.6
70	17	0.8
70	18	0.8
70	19	0
70	20	0.8
70	21	0.6
70	22	0.8
70	23	0.8
70	24	0.8
70	25	0
70	26	0.4
70	27	0.2
70	28	1.0
70	29	1.0
70	30	1.0
70	31	1.0
70	32	0
70	33	1.0
70	34	1.0
70	35	1.0
70	36	0
70	37	0
70	38	1.0
70	39	1.0
70	40	1.0
70	41	0.6
70	42	0
70	43	0
70	44	0.6
70	45	0.6
70	46	0.6
70	47	0.6
70	48	0.6
70	49	0.6
70	50	0.6
70	51	1.0
70	52	1.0
70	53	1.0
70	54	1.0
70	55	0
70	56	1.0
70	57	0.4
70	58	1.0
70	59	0
70	60	1.0
70	61	1.0
70	62	1.0
70	63	0
70	64	1.0
70	65	1.0
70	66	0.4
70	67	1.0
70	68	0
70	69	0.8
70	70	1.0
70	71	1.0
71	1	0.8
71	2	0
71	3	0.4
71	4	0.2
71	5	0.2
71	6	1.0
71	7	1.0
71	8	1.0
71	9	1.0
71	10	0.4
71	11	1.0
71	12	1.0
71	13	0.8
71	14	0.8
71	15	0
71	16	0.6
71	17	0.8
71	18	0.8
71	19	0
71	20	0.8
71	21	0.6
71	22	0.8
71	23	0.8
71	24	0.8
71	25	0
71	26	0.4
71	27	0.2
71	28	1.0
71	29	1.0
71	30	1.0
71	31	1.0
71	32	0
71	33	1.0
71	34	1.0
71	35	1.0
71	36	0
71	37	0
71	38	1.0
71	39	1.0
71	40	1.0
71	41	0.6
71	42	0
71	43	0
71	44	0.6
71	45	0.6
71	46	0.6
71	47	0.6
71	48	0.6
71	49	0.6
71	50	0.6
71	51	1.0
71	52	1.0
71	53	1.0
71	54	1.0
71	55	0
71	56	1.0
71	57	0.4
71	58	1.0
71	59	0
71	60	1.0
71	61	1.0
71	62	1.0
71	63	0
71	64	1.0
71	65	1.0
71	66	0.4
71	67	1.0
71	68	0
71	69	0.8
71	70	1.0
71	71	1.0
