1	1	1.0
1	2	0.206115816517
1	3	0.129850547164
1	4	0.238964239708
1	5	0.238149373788
1	6	0.273241610924
1	7	0.248849880868
1	8	0.219923696609
1	9	0.330763398699
1	10	0.200716651292
1	11	0.19454156342
1	12	0.123396753394
1	13	0.279166348824
1	14	0.134494428713
1	15	0.0918043751765
1	16	0.0523709105297
1	17	0.17451727134
1	18	0.357450742897
1	19	0.2137121207
1	20	0.165280199362
1	21	0.161481659619
1	22	0.3189224732
1	23	0.236667742337
1	24	0.272374014829
1	25	0.263405835952
1	26	0.427836668362
1	27	0.366449922935
1	28	0.190088430296
1	29	0.192406661873
1	30	0.336584004848
1	31	0.558528580019
1	32	0.399409863128
1	33	0.214678474486
1	34	0.305641437947
1	35	0.283496249277
1	36	0.513934646439
1	37	0.334875697964
1	38	0.169674661303
1	39	0.252880083797
1	40	0.266820895368
1	41	0.121894488274
1	42	0.375666294532
1	43	0.300834560483
1	44	0.42472534775
1	45	0.191674976173
1	46	0.232995432803
1	47	0.257264391214
1	48	0.143307088861
1	49	0.209450885935
1	50	0.216522234995
1	51	0.615632707501
1	52	0.444194938353
1	53	0.227426264955
1	54	0.330185450279
1	55	0.308565143878
1	56	0.327021288262
1	57	0.14967927855
1	58	0.435005945498
1	59	0.178395683677
1	60	0.146448258035
1	61	0.116349137396
1	62	0.449051535112
1	63	0.287635355485
1	64	0.212673704294
1	65	0.472465858521
2	1	0.206115816517
2	2	1.0
2	3	0.458826576539
2	4	0.439077355744
2	5	0.356292197598
2	6	0.44687233378
2	7	0.512683082173
2	8	0.33589767028
2	9	0.556818446868
2	10	0.174403481718
2	11	0.664043111193
2	12	0.260302701471
2	13	0.461050026552
2	14	0.456226291319
2	15	0.549824249431
2	16	0.503080927597
2	17	0.535413745749
2	18	0.404337676934
2	19	0.40279856367
2	20	0.232728064302
2	21	0.426235639535
2	22	0.443890484263
2	23	0.59364762356
2	24	0.595946204188
2	25	0.413698060971
2	26	0.368601433401
2	27	0.129484986614
2	28	0.526498049144
2	29	0.317150931618
2	30	0.314852934917
2	31	0.412263915209
2	32	0.375208215
2	33	0.351465933154
2	34	0.300371844255
2	35	0.551624918356
2	36	0.357625089636
2	37	0.319614828395
2	38	0.272623347802
2	39	0.104030480059
2	40	0.266000483221
2	41	0.227223130501
2	42	0.264982879638
2	43	0.345888969839
2	44	0.330951828631
2	45	0.248814834286
2	46	0.234293680202
2	47	0.0909043068854
2	48	0.167613844583
2	49	0.410954767789
2	50	0.49372611679
2	51	0.205692877293
2	52	0.281292956218
2	53	0.331358957281
2	54	0.403584128979
2	55	0.288167496713
2	56	0.435183919048
2	57	0.211556539286
2	58	0.324103949723
2	59	0.314966350947
2	60	0.425983293016
2	61	0.421531567564
2	62	0.280662234797
2	63	0.336205457446
2	64	0.406185606379
2	65	0.297244658736
3	1	0.129850547164
3	2	0.458826576539
3	3	1.0
3	4	0.542270308466
3	5	0.648420155231
3	6	0.36115286455
3	7	0.503022376296
3	8	0.414841100076
3	9	0.643357171169
3	10	0.150913837299
3	11	0.535107901548
3	12	0.386966222271
3	13	0.389594294658
3	14	0.486389065282
3	15	0.523404965537
3	16	0.452339649867
3	17	0.495029793359
3	18	0.410900948076
3	19	0.433648039595
3	20	0.272454322365
3	21	0.445490756928
3	22	0.378858365307
3	23	0.482441645153
3	24	0.538496480932
3	25	0.496689523591
3	26	0.404124834308
3	27	0.0
3	28	0.444765140438
3	29	0.371252085208
3	30	0.290317408141
3	31	0.291756209666
3	32	0.541663569333
3	33	0.479385863531
3	34	0.293177068544
3	35	0.488761541318
3	36	0.364020678278
3	37	0.524578972735
3	38	0.287906319093
3	39	0.170420629685
3	40	0.208264264456
3	41	0.23428852645
3	42	0.0886328503202
3	43	0.283589030847
3	44	0.302471640522
3	45	0.429722017403
3	46	0.308423252506
3	47	0.121624579469
3	48	0.0
3	49	0.391036794688
3	50	0.517011365003
3	51	0.0664161417487
3	52	0.273711503928
3	53	0.472894573365
3	54	0.443526129075
3	55	0.192533182562
3	56	0.424277030112
3	57	0.283050121674
3	58	0.216815946021
3	59	0.210053141344
3	60	0.569940420309
3	61	0.394397300542
3	62	0.333786177768
3	63	0.297381433343
3	64	0.277783598226
3	65	0.296716719748
4	1	0.238964239708
4	2	0.439077355744
4	3	0.542270308466
4	4	1.0
4	5	0.412832044411
4	6	0.531704311335
4	7	0.403947558592
4	8	0.407164247388
4	9	0.471958984021
4	10	0.16663623456
4	11	0.739332011322
4	12	0.227883125312
4	13	0.334586566457
4	14	0.411886694007
4	15	0.412145519871
4	16	0.291608986155
4	17	0.728803510105
4	18	0.491518230904
4	19	0.263555535378
4	20	0.229210638744
4	21	0.478304993653
4	22	0.209164158026
4	23	0.398459130107
4	24	0.419716048553
4	25	0.326145368105
4	26	0.463135355774
4	27	0.0
4	28	0.327400895736
4	29	0.266495452063
4	30	0.348198655276
4	31	0.286357107595
4	32	0.542272596169
4	33	0.361286272596
4	34	0.265414011243
4	35	0.465189513296
4	36	0.334954016454
4	37	0.529847984436
4	38	0.23548205106
4	39	0.15054021569
4	40	0.102205112367
4	41	0.424204102334
4	42	0.13048897923
4	43	0.167004640029
4	44	0.205528322609
4	45	0.334934829674
4	46	0.648676538666
4	47	0.358121558022
4	48	0.0658333454351
4	49	0.251869047404
4	50	0.423615465886
4	51	0.0488903070921
4	52	0.251855933086
4	53	0.304594113225
4	54	0.509174815659
4	55	0.425183073257
4	56	0.251205174872
4	57	0.27781213034
4	58	0.279304794476
4	59	0.247399197017
4	60	0.444224149263
4	61	0.570754032924
4	62	0.245706966778
4	63	0.262690410196
4	64	0.590726644467
4	65	0.507533694442
5	1	0.238149373788
5	2	0.356292197598
5	3	0.648420155231
5	4	0.412832044411
5	5	1.0
5	6	0.282802402693
5	7	0.417766334844
5	8	0.379937807417
5	9	0.555363248457
5	10	0.24335387366
5	11	0.351364630826
5	12	0.425289870286
5	13	0.32625926094
5	14	0.389552295414
5	15	0.314765348606
5	16	0.362243324533
5	17	0.276369643565
5	18	0.352631408037
5	19	0.415160721699
5	20	0.286073366982
5	21	0.242836766889
5	22	0.347418183531
5	23	0.324942027056
5	24	0.520889105181
5	25	0.427929236315
5	26	0.262050457294
5	27	0.105512489403
5	28	0.261206533361
5	29	0.276444670837
5	30	0.398478326432
5	31	0.41640374876
5	32	0.499001888789
5	33	0.265564395674
5	34	0.231569714159
5	35	0.381679060552
5	36	0.458520351346
5	37	0.442500600663
5	38	0.234679059373
5	39	0.250044791503
5	40	0.221973110132
5	41	0.0789688514559
5	42	0.2441382804
5	43	0.389788907701
5	44	0.297583033004
5	45	0.300207029677
5	46	0.201260198974
5	47	0.055555898609
5	48	0.124404922165
5	49	0.312582383203
5	50	0.352339655073
5	51	0.182484353179
5	52	0.376023549672
5	53	0.540839798025
5	54	0.404516949446
5	55	0.117703667439
5	56	0.457095907667
5	57	0.129292154017
5	58	0.297860705445
5	59	0.115717846228
5	60	0.551304912945
5	61	0.321067206586
5	62	0.381168657069
5	63	0.381578672554
5	64	0.141623847268
5	65	0.246361894673
6	1	0.273241610924
6	2	0.44687233378
6	3	0.36115286455
6	4	0.531704311335
6	5	0.282802402693
6	6	1.0
6	7	0.538639900185
6	8	0.581082897446
6	9	0.411661532884
6	10	0.221959980141
6	11	0.505942838424
6	12	0.130089012073
6	13	0.304774593391
6	14	0.256504371956
6	15	0.491295164418
6	16	0.271797479655
6	17	0.486484278373
6	18	0.324080635209
6	19	0.305467173078
6	20	0.228981960127
6	21	0.546088912978
6	22	0.15920417475
6	23	0.25384173042
6	24	0.399330768295
6	25	0.144808879891
6	26	0.320650824553
6	27	0.0970672253402
6	28	0.404305503059
6	29	0.330000542598
6	30	0.255860146853
6	31	0.326938760174
6	32	0.258021879439
6	33	0.149995148013
6	34	0.246848170166
6	35	0.292434134664
6	36	0.382422674173
6	37	0.334577163231
6	38	0.11210284252
6	39	0.0859371570826
6	40	0.20464691749
6	41	0.21794445404
6	42	0.148981477863
6	43	0.2387000296
6	44	0.391387304546
6	45	0.198986502319
6	46	0.376038715818
6	47	0.153327543301
6	48	0.075730689408
6	49	0.373701716687
6	50	0.334522509284
6	51	0.139968782875
6	52	0.230038547874
6	53	0.276319390251
6	54	0.48444459304
6	55	0.351409320671
6	56	0.243372923958
6	57	0.0792957037259
6	58	0.227776439165
6	59	0.178163315089
6	60	0.366295392423
6	61	0.324905737454
6	62	0.210925502545
6	63	0.424883962076
6	64	0.324447161622
6	65	0.432682062134
7	1	0.248849880868
7	2	0.512683082173
7	3	0.503022376296
7	4	0.403947558592
7	5	0.417766334844
7	6	0.538639900185
7	7	1.0
7	8	0.619640008497
7	9	0.634968692585
7	10	0.224837226685
7	11	0.498265180297
7	12	0.345910277521
7	13	0.43847422551
7	14	0.341026106182
7	15	0.545401329302
7	16	0.405754776377
7	17	0.409730213749
7	18	0.42394047458
7	19	0.366720239763
7	20	0.349719806588
7	21	0.396017865898
7	22	0.498477557375
7	23	0.523785573879
7	24	0.52219083356
7	25	0.293372047821
7	26	0.25841320779
7	27	0.0
7	28	0.618660802492
7	29	0.450146698378
7	30	0.236181718993
7	31	0.39266315317
7	32	0.294720940395
7	33	0.199420621501
7	34	0.268586317837
7	35	0.379258178276
7	36	0.375060534124
7	37	0.25884594396
7	38	0.190637281625
7	39	0.0507798389256
7	40	0.155921142663
7	41	0.0858548629919
7	42	0.0660243110105
7	43	0.338639618344
7	44	0.384086489211
7	45	0.263618498583
7	46	0.13128594242
7	47	0.0906004831437
7	48	0.13424666374
7	49	0.439189759011
7	50	0.429218218348
7	51	0.155614861998
7	52	0.312478208083
7	53	0.57817084321
7	54	0.459873548732
7	55	0.240480296103
7	56	0.433644826713
7	57	0.210849467184
7	58	0.244894937118
7	59	0.313890597303
7	60	0.60263083502
7	61	0.42228643792
7	62	0.377952428673
7	63	0.357325372745
7	64	0.253968733396
7	65	0.182621199749
8	1	0.219923696609
8	2	0.33589767028
8	3	0.414841100076
8	4	0.407164247388
8	5	0.379937807417
8	6	0.581082897446
8	7	0.619640008497
8	8	1.0
8	9	0.456353185013
8	10	0.426210464292
8	11	0.395508434748
8	12	0.262156899369
8	13	0.255961385185
8	14	0.257806307235
8	15	0.487571422952
8	16	0.223083194341
8	17	0.402668126841
8	18	0.405376496817
8	19	0.42998817858
8	20	0.396551604462
8	21	0.465699977731
8	22	0.320830115889
8	23	0.259193845136
8	24	0.428114821663
8	25	0.166754599566
8	26	0.193742262625
8	27	0.0
8	28	0.504648895819
8	29	0.442234028342
8	30	0.317398641163
8	31	0.32970114406
8	32	0.195220164794
8	33	0.126009909379
8	34	0.367348924402
8	35	0.311493684851
8	36	0.462803508847
8	37	0.307708850786
8	38	0.144660709908
8	39	0.0773561358718
8	40	0.117281586099
8	41	0.162259756548
8	42	0.0506664494177
8	43	0.256002188414
8	44	0.367682804191
8	45	0.227758052726
8	46	0.198497085083
8	47	0.273965840968
8	48	0.101486765998
8	49	0.442119214669
8	50	0.284182357949
8	51	0.0
8	52	0.237416528013
8	53	0.433248503303
8	54	0.498050418425
8	55	0.144563748284
8	56	0.359817900873
8	57	0.15939636741
8	58	0.276124715901
8	59	0.14194676545
8	60	0.492041277693
8	61	0.322440674343
8	62	0.28881533585
8	63	0.435919778023
8	64	0.244136869224
8	65	0.276113155425
9	1	0.330763398699
9	2	0.556818446868
9	3	0.643357171169
9	4	0.471958984021
9	5	0.555363248457
9	6	0.411661532884
9	7	0.634968692585
9	8	0.456353185013
9	9	1.0
9	10	0.249492967163
9	11	0.606668433565
9	12	0.340658246795
9	13	0.487660013489
9	14	0.503297226295
9	15	0.487080491103
9	16	0.506735207695
9	17	0.562288067852
9	18	0.613660554547
9	19	0.518602192601
9	20	0.364037694763
9	21	0.393007266168
9	22	0.527808490597
9	23	0.604053802821
9	24	0.616115838937
9	25	0.48971244551
9	26	0.511383124253
9	27	0.129040051578
9	28	0.569821796011
9	29	0.467054382258
9	30	0.386019381945
9	31	0.544404282366
9	32	0.590154976937
9	33	0.443261260562
9	34	0.360939990048
9	35	0.58412010641
9	36	0.47886747204
9	37	0.542100429331
9	38	0.316782765778
9	39	0.16890363473
9	40	0.209880586235
9	41	0.209009034425
9	42	0.349179387633
9	43	0.437729768426
9	44	0.554950514684
9	45	0.402951483899
9	46	0.3398224682
9	47	0.100283316381
9	48	0.123271549919
9	49	0.389593512646
9	50	0.633574105757
9	51	0.319828877062
9	52	0.461449392853
9	53	0.593584035961
9	54	0.542437449489
9	55	0.232743791706
9	56	0.647896038731
9	57	0.259315318475
9	58	0.361648793573
9	59	0.277827362348
9	60	0.576092565201
9	61	0.46867589075
9	62	0.510539070238
9	63	0.380478866596
9	64	0.390871786434
9	65	0.323421843536
10	1	0.200716651292
10	2	0.174403481718
10	3	0.150913837299
10	4	0.16663623456
10	5	0.24335387366
10	6	0.221959980141
10	7	0.224837226685
10	8	0.426210464292
10	9	0.249492967163
10	10	1.0
10	11	0.143880863205
10	12	0.242358854557
10	13	0.122318590942
10	14	0.0937866067214
10	15	0.214367204361
10	16	0.0938439491318
10	17	0.202826030911
10	18	0.350828180426
10	19	0.331725595363
10	20	0.288497206071
10	21	0.218368447086
10	22	0.296601079663
10	23	0.141519550232
10	24	0.236869772833
10	25	0.15416132034
10	26	0.214793802705
10	27	0.0
10	28	0.253822239156
10	29	0.297782981012
10	30	0.37536726271
10	31	0.321782035281
10	32	0.162018763708
10	33	0.110514890787
10	34	0.315276601017
10	35	0.214354348396
10	36	0.33813874562
10	37	0.244987883671
10	38	0.200352387077
10	39	0.0850562922894
10	40	0.0426655271126
10	41	0.18362768401
10	42	0.110590801671
10	43	0.246138038838
10	44	0.171595608432
10	45	0.155353949257
10	46	0.108316015929
10	47	0.308731048144
10	48	0.222347651182
10	49	0.215382122863
10	50	0.16372916674
10	51	0.0
10	52	0.127435142437
10	53	0.255403104735
10	54	0.284120166915
10	55	0.0794813957739
10	56	0.292590193876
10	57	0.0579863409215
10	58	0.200884848701
10	59	0.103276801948
10	60	0.208729535612
10	61	0.129596118011
10	62	0.153855570579
10	63	0.258109005737
10	64	0.251249691077
10	65	0.150669602673
11	1	0.19454156342
11	2	0.664043111193
11	3	0.535107901548
11	4	0.739332011322
11	5	0.351364630826
11	6	0.505942838424
11	7	0.498265180297
11	8	0.395508434748
11	9	0.606668433565
11	10	0.143880863205
11	11	1.0
11	12	0.274064215768
11	13	0.51293846057
11	14	0.665094138673
11	15	0.553355846748
11	16	0.513695718752
11	17	0.734160199235
11	18	0.505503232597
11	19	0.353538698579
11	20	0.318070099786
11	21	0.470198764944
11	22	0.412802957982
11	23	0.73798149674
11	24	0.500718927818
11	25	0.497912780581
11	26	0.498565285096
11	27	0.0672968869477
11	28	0.572007485517
11	29	0.380167954562
11	30	0.330981413084
11	31	0.388540418406
11	32	0.531175525513
11	33	0.534771504641
11	34	0.335575736863
11	35	0.683193035444
11	36	0.34724359194
11	37	0.487731274234
11	38	0.365985522642
11	39	0.148551852571
11	40	0.191733208975
11	41	0.298253309249
11	42	0.265578754165
11	43	0.340130909457
11	44	0.304220499546
11	45	0.400945113013
11	46	0.480081523878
11	47	0.298174012305
11	48	0.12217510007
11	49	0.346183937722
11	50	0.693797190772
11	51	0.128998229789
11	52	0.263547973573
11	53	0.257632266534
11	54	0.565255732674
11	55	0.38752693247
11	56	0.464788519277
11	57	0.462615867238
11	58	0.310290662874
11	59	0.434859238806
11	60	0.383562159943
11	61	0.442566758206
11	62	0.272769326483
11	63	0.291623339795
11	64	0.648345401556
11	65	0.374795950083
12	1	0.123396753394
12	2	0.260302701471
12	3	0.386966222271
12	4	0.227883125312
12	5	0.425289870286
12	6	0.130089012073
12	7	0.345910277521
12	8	0.262156899369
12	9	0.340658246795
12	10	0.242358854557
12	11	0.274064215768
12	12	1.0
12	13	0.330110839993
12	14	0.25651545846
12	15	0.298633410618
12	16	0.287011091332
12	17	0.279632262156
12	18	0.259503928384
12	19	0.311174758687
12	20	0.246089583105
12	21	0.148939777026
12	22	0.482422907943
12	23	0.348014138423
12	24	0.359413225174
12	25	0.380920895894
12	26	0.255270578889
12	27	0.0
12	28	0.3861702813
12	29	0.266815566847
12	30	0.290815297121
12	31	0.246449269506
12	32	0.273153779848
12	33	0.25355256633
12	34	0.276383390848
12	35	0.321126172444
12	36	0.289563716043
12	37	0.259487635951
12	38	0.446863463207
12	39	0.261269899785
12	40	0.0437603818005
12	41	0.0363256456544
12	42	0.112584823934
12	43	0.215055319277
12	44	0.117332654697
12	45	0.350549188217
12	46	0.11109555027
12	47	0.158326750597
12	48	0.113600943903
12	49	0.215681689945
12	50	0.326228674674
12	51	0.083731956461
12	52	0.173187879527
12	53	0.373179193378
12	54	0.36387371314
12	55	0.083544388012
12	56	0.38158462718
12	57	0.237897393016
12	58	0.207748764752
12	59	0.317781069887
12	60	0.42817163127
12	61	0.17722897111
12	62	0.210404948017
12	63	0.190464639303
12	64	0.136485282993
12	65	0.0618143947576
13	1	0.279166348824
13	2	0.461050026552
13	3	0.389594294658
13	4	0.334586566457
13	5	0.32625926094
13	6	0.304774593391
13	7	0.43847422551
13	8	0.255961385185
13	9	0.487660013489
13	10	0.122318590942
13	11	0.51293846057
13	12	0.330110839993
13	13	1.0
13	14	0.484232957666
13	15	0.365921539544
13	16	0.340448191046
13	17	0.378162156134
13	18	0.407345964594
13	19	0.37870313497
13	20	0.247014696551
13	21	0.218678976496
13	22	0.50743746774
13	23	0.507917195505
13	24	0.43774706227
13	25	0.448652651563
13	26	0.39717755239
13	27	0.187222677618
13	28	0.472941642597
13	29	0.289273655602
13	30	0.281222317817
13	31	0.38164363918
13	32	0.465221045109
13	33	0.426717950863
13	34	0.266961506178
13	35	0.485369188016
13	36	0.316892623566
13	37	0.278216197351
13	38	0.346308363243
13	39	0.144207561515
13	40	0.220287897242
13	41	0.193900152754
13	42	0.234374633048
13	43	0.299961356545
13	44	0.324741998215
13	45	0.350341618102
13	46	0.186416755332
13	47	0.261481299228
13	48	0.094595980563
13	49	0.258507722961
13	50	0.446816151388
13	51	0.215326282067
13	52	0.361071400532
13	53	0.381832760965
13	54	0.368839699842
13	55	0.169707182869
13	56	0.427144401457
13	57	0.458814634711
13	58	0.288533392109
13	59	0.355488080966
13	60	0.472241982932
13	61	0.311653693186
13	62	0.311798341217
13	63	0.285143384851
13	64	0.311509099319
13	65	0.285240110045
14	1	0.134494428713
14	2	0.456226291319
14	3	0.486389065282
14	4	0.411886694007
14	5	0.389552295414
14	6	0.256504371956
14	7	0.341026106182
14	8	0.257806307235
14	9	0.503297226295
14	10	0.0937866067214
14	11	0.665094138673
14	12	0.25651545846
14	13	0.484232957666
14	14	1.0
14	15	0.356868821167
14	16	0.439941508527
14	17	0.501339600905
14	18	0.361756696869
14	19	0.412518070704
14	20	0.354763429724
14	21	0.244727970977
14	22	0.392407583317
14	23	0.655643276507
14	24	0.39370932823
14	25	0.428311149679
14	26	0.355449485403
14	27	0.0
14	28	0.434347320884
14	29	0.274980955212
14	30	0.244361490005
14	31	0.295475027317
14	32	0.448828188425
14	33	0.462136385819
14	34	0.239009524493
14	35	0.577489128992
14	36	0.245075513751
14	37	0.395327526644
14	38	0.318082979795
14	39	0.141212344382
14	40	0.143808318518
14	41	0.143250944503
14	42	0.220326364351
14	43	0.25848337233
14	44	0.231351890705
14	45	0.356072229179
14	46	0.292071752975
14	47	0.201558837485
14	48	0.0741049639509
14	49	0.283515087299
14	50	0.589847475676
14	51	0.0825496810316
14	52	0.170100195141
14	53	0.244903417334
14	54	0.523615121479
14	55	0.159535040629
14	56	0.391524649789
14	57	0.508166399152
14	58	0.224569995528
14	59	0.417725435079
14	60	0.30557915078
14	61	0.203847629928
14	62	0.276578773192
14	63	0.2710547567
14	64	0.421986474776
14	65	0.182824770353
15	1	0.0918043751765
15	2	0.549824249431
15	3	0.523404965537
15	4	0.412145519871
15	5	0.314765348606
15	6	0.491295164418
15	7	0.545401329302
15	8	0.487571422952
15	9	0.487080491103
15	10	0.214367204361
15	11	0.553355846748
15	12	0.298633410618
15	13	0.365921539544
15	14	0.356868821167
15	15	1.0
15	16	0.442471237353
15	17	0.443771410684
15	18	0.325818085112
15	19	0.330994571163
15	20	0.218453144521
15	21	0.478623216658
15	22	0.332245835041
15	23	0.440931107549
15	24	0.512991911913
15	25	0.260476066449
15	26	0.285801613518
15	27	0.0431525385209
15	28	0.516120481012
15	29	0.388832662804
15	30	0.273139029197
15	31	0.296004220953
15	32	0.259682196041
15	33	0.220427924017
15	34	0.366295981952
15	35	0.386229652191
15	36	0.351651003421
15	37	0.269980277505
15	38	0.246873244172
15	39	0.0956499624818
15	40	0.146866101735
15	41	0.186434285095
15	42	0.0932735757633
15	43	0.218854139255
15	44	0.331871041063
15	45	0.268978706494
15	46	0.154558085115
15	47	0.0853284787514
15	48	0.0945892546438
15	49	0.419148570578
15	50	0.413575117382
15	51	0.0939124636446
15	52	0.192028505659
15	53	0.352505518636
15	54	0.405525379087
15	55	0.369466128895
15	56	0.362258242696
15	57	0.165483520397
15	58	0.228756607138
15	59	0.265261570933
15	60	0.446896331155
15	61	0.434238230407
15	62	0.235081090055
15	63	0.295628194501
15	64	0.351943189498
15	65	0.189194002987
16	1	0.0523709105297
16	2	0.503080927597
16	3	0.452339649867
16	4	0.291608986155
16	5	0.362243324533
16	6	0.271797479655
16	7	0.405754776377
16	8	0.223083194341
16	9	0.506735207695
16	10	0.0938439491318
16	11	0.513695718752
16	12	0.287011091332
16	13	0.340448191046
16	14	0.439941508527
16	15	0.442471237353
16	16	1.0
16	17	0.310572647789
16	18	0.323321503838
16	19	0.274629086661
16	20	0.224136888881
16	21	0.22031982735
16	22	0.343799895104
16	23	0.560606348878
16	24	0.388571029972
16	25	0.422711701646
16	26	0.302912556703
16	27	0.0465812769354
16	28	0.425486989389
16	29	0.299014226916
16	30	0.226786083686
16	31	0.235340376866
16	32	0.298833766121
16	33	0.409634742115
16	34	0.326169861268
16	35	0.500520104153
16	36	0.220223496814
16	37	0.264354289854
16	38	0.232234925574
16	39	0.141047769787
16	40	0.181021319997
16	41	0.0708318960229
16	42	0.216810580809
16	43	0.382150937775
16	44	0.225215819067
16	45	0.24891130981
16	46	0.255389872758
16	47	0.0981064786978
16	48	0.111102933751
16	49	0.364461969098
16	50	0.485298257639
16	51	0.107551585865
16	52	0.137990568737
16	53	0.340771180887
16	54	0.332590668557
16	55	0.160023542425
16	56	0.441678289678
16	57	0.266370712202
16	58	0.196752418119
16	59	0.413456079579
16	60	0.324517498304
16	61	0.292155937078
16	62	0.201932372644
16	63	0.144289042461
16	64	0.315679276682
16	65	0.118650511926
17	1	0.17451727134
17	2	0.535413745749
17	3	0.495029793359
17	4	0.728803510105
17	5	0.276369643565
17	6	0.486484278373
17	7	0.409730213749
17	8	0.402668126841
17	9	0.562288067852
17	10	0.202826030911
17	11	0.734160199235
17	12	0.279632262156
17	13	0.378162156134
17	14	0.501339600905
17	15	0.443771410684
17	16	0.310572647789
17	17	1.0
17	18	0.605125700336
17	19	0.421996470567
17	20	0.38361158847
17	21	0.476331155025
17	22	0.381885153249
17	23	0.568937450818
17	24	0.512220052866
17	25	0.352868540599
17	26	0.512471242493
17	27	0.051741429635
17	28	0.526596301614
17	29	0.324372516821
17	30	0.365722665693
17	31	0.319502054285
17	32	0.562977434165
17	33	0.500667042369
17	34	0.325159960705
17	35	0.575645834725
17	36	0.347871456763
17	37	0.500897794988
17	38	0.315286041375
17	39	0.124144913398
17	40	0.0933013939085
17	41	0.414294324267
17	42	0.245983382382
17	43	0.282124447721
17	44	0.291858748662
17	45	0.476699247263
17	46	0.513210810479
17	47	0.21794891846
17	48	0.120196392382
17	49	0.3770618336
17	50	0.580067560219
17	51	0.0595082273894
17	52	0.245242888038
17	53	0.264818132517
17	54	0.482032914529
17	55	0.496249661595
17	56	0.354819222216
17	57	0.38041530025
17	58	0.292978842417
17	59	0.338770087899
17	60	0.39246173492
17	61	0.473835394941
17	62	0.224301915654
17	63	0.377302592138
17	64	0.637482809143
17	65	0.439314356745
18	1	0.357450742897
18	2	0.404337676934
18	3	0.410900948076
18	4	0.491518230904
18	5	0.352631408037
18	6	0.324080635209
18	7	0.42394047458
18	8	0.405376496817
18	9	0.613660554547
18	10	0.350828180426
18	11	0.505503232597
18	12	0.259503928384
18	13	0.407345964594
18	14	0.361756696869
18	15	0.325818085112
18	16	0.323321503838
18	17	0.605125700336
18	18	1.0
18	19	0.48735158807
18	20	0.358712058458
18	21	0.271823810413
18	22	0.359786764953
18	23	0.428729891715
18	24	0.508761104257
18	25	0.351758712993
18	26	0.408687551232
18	27	0.14494992902
18	28	0.523551314109
18	29	0.460446359338
18	30	0.421035943612
18	31	0.43961228624
18	32	0.511462543431
18	33	0.357241640884
18	34	0.42784302282
18	35	0.477224395472
18	36	0.463042428176
18	37	0.446639213772
18	38	0.294821398269
18	39	0.173921339233
18	40	0.215354547831
18	41	0.267201613832
18	42	0.344598822256
18	43	0.407661238595
18	44	0.390905314056
18	45	0.380691244499
18	46	0.368647057433
18	47	0.254403486751
18	48	0.307683532025
18	49	0.286277605708
18	50	0.441817432307
18	51	0.283694470815
18	52	0.414959705562
18	53	0.482189861574
18	54	0.452760917704
18	55	0.328224108925
18	56	0.513103623158
18	57	0.236823636121
18	58	0.364632220285
18	59	0.316877667501
18	60	0.396880730071
18	61	0.384177777092
18	62	0.42171113544
18	63	0.25081052525
18	64	0.482434655087
18	65	0.389724159878
19	1	0.2137121207
19	2	0.40279856367
19	3	0.433648039595
19	4	0.263555535378
19	5	0.415160721699
19	6	0.305467173078
19	7	0.366720239763
19	8	0.42998817858
19	9	0.518602192601
19	10	0.331725595363
19	11	0.353538698579
19	12	0.311174758687
19	13	0.37870313497
19	14	0.412518070704
19	15	0.330994571163
19	16	0.274629086661
19	17	0.421996470567
19	18	0.48735158807
19	19	1.0
19	20	0.429417581186
19	21	0.24045097656
19	22	0.415343702207
19	23	0.338309490157
19	24	0.486885348457
19	25	0.32675598425
19	26	0.367091831466
19	27	0.126300154976
19	28	0.497953444228
19	29	0.486374672518
19	30	0.444085905221
19	31	0.332294677773
19	32	0.333029247594
19	33	0.327905242458
19	34	0.451916240115
19	35	0.394018198018
19	36	0.416176831272
19	37	0.310583661959
19	38	0.329155493093
19	39	0.201616269584
19	40	0.25305276198
19	41	0.107786225678
19	42	0.291749473827
19	43	0.331418066582
19	44	0.356736612906
19	45	0.409893128835
19	46	0.227536938253
19	47	0.133002616919
19	48	0.294382621494
19	49	0.285926944685
19	50	0.390931354371
19	51	0.169468608175
19	52	0.225241507418
19	53	0.43159598574
19	54	0.42326712373
19	55	0.093575446075
19	56	0.509553734961
19	57	0.171960886462
19	58	0.356857073657
19	59	0.340059314028
19	60	0.367379073694
19	61	0.230593580981
19	62	0.365012033984
19	63	0.282496320992
19	64	0.282769755422
19	65	0.287457345939
20	1	0.165280199362
20	2	0.232728064302
20	3	0.272454322365
20	4	0.229210638744
20	5	0.286073366982
20	6	0.228981960127
20	7	0.349719806588
20	8	0.396551604462
20	9	0.364037694763
20	10	0.288497206071
20	11	0.318070099786
20	12	0.246089583105
20	13	0.247014696551
20	14	0.354763429724
20	15	0.218453144521
20	16	0.224136888881
20	17	0.38361158847
20	18	0.358712058458
20	19	0.429417581186
20	20	1.0
20	21	0.266805532079
20	22	0.361218728132
20	23	0.372175807817
20	24	0.281172076752
20	25	0.293875947417
20	26	0.294402391109
20	27	0.0732276764215
20	28	0.446878046472
20	29	0.306625884479
20	30	0.285008155863
20	31	0.288992129247
20	32	0.330109000275
20	33	0.283318762223
20	34	0.229295164484
20	35	0.310084791703
20	36	0.327608581751
20	37	0.314972204091
20	38	0.338329032424
20	39	0.0870943331969
20	40	0.0440153041189
20	41	0.109611772682
20	42	0.169436614569
20	43	0.329191470778
20	44	0.236032331853
20	45	0.391926192712
20	46	0.230411311518
20	47	0.0771137026459
20	48	0.228525432749
20	49	0.280838525338
20	50	0.334919364924
20	51	0.0848557711263
20	52	0.174196770537
20	53	0.262917008774
20	54	0.393080465558
20	55	0.163377172155
20	56	0.359413662051
20	57	0.299104054623
20	58	0.172354015338
20	59	0.497851391342
20	60	0.212564503043
20	61	0.178261403149
20	62	0.158722982879
20	63	0.34052722296
20	64	0.316324251523
20	65	0.217610712083
21	1	0.161481659619
21	2	0.426235639535
21	3	0.445490756928
21	4	0.478304993653
21	5	0.242836766889
21	6	0.546088912978
21	7	0.396017865898
21	8	0.465699977731
21	9	0.393007266168
21	10	0.218368447086
21	11	0.470198764944
21	12	0.148939777026
21	13	0.218678976496
21	14	0.244727970977
21	15	0.478623216658
21	16	0.22031982735
21	17	0.476331155025
21	18	0.271823810413
21	19	0.24045097656
21	20	0.266805532079
21	21	1.0
21	22	0.136705440631
21	23	0.260727365535
21	24	0.433043709723
21	25	0.144088501353
21	26	0.332930335737
21	27	0.0
21	28	0.371315057028
21	29	0.269350664909
21	30	0.33395194069
21	31	0.313884307438
21	32	0.381539042895
21	33	0.263575498989
21	34	0.141676463241
21	35	0.289786958166
21	36	0.306486788079
21	37	0.461768750286
21	38	0.123125024305
21	39	0.0655933493032
21	40	0.133598366495
21	41	0.307713439853
21	42	0.0
21	43	0.194396569403
21	44	0.317799179199
21	45	0.274694164569
21	46	0.302028719076
21	47	0.0585152421081
21	48	0.0436772351342
21	49	0.258683052549
21	50	0.337284175815
21	51	0.0319537106008
21	52	0.197529500081
21	53	0.199076518917
21	54	0.465508945725
21	55	0.370987721387
21	56	0.217512702737
21	57	0.0907861797384
21	58	0.156469658061
21	59	0.126282274321
21	60	0.322595412549
21	61	0.30435279092
21	62	0.120441808039
21	63	0.371993073117
21	64	0.371910301411
21	65	0.379405381255
22	1	0.3189224732
22	2	0.443890484263
22	3	0.378858365307
22	4	0.209164158026
22	5	0.347418183531
22	6	0.15920417475
22	7	0.498477557375
22	8	0.320830115889
22	9	0.527808490597
22	10	0.296601079663
22	11	0.412802957982
22	12	0.482422907943
22	13	0.50743746774
22	14	0.392407583317
22	15	0.332245835041
22	16	0.343799895104
22	17	0.381885153249
22	18	0.359786764953
22	19	0.415343702207
22	20	0.361218728132
22	21	0.136705440631
22	22	1.0
22	23	0.58051723954
22	24	0.394163338695
22	25	0.508849414934
22	26	0.447645660827
22	27	0.0
22	28	0.540767323206
22	29	0.373078348703
22	30	0.30724457567
22	31	0.408153096368
22	32	0.372070810214
22	33	0.447980121911
22	34	0.334618016319
22	35	0.471549271191
22	36	0.284165927653
22	37	0.210908565662
22	38	0.513246952925
22	39	0.158557189227
22	40	0.119006867702
22	41	0.103077057555
22	42	0.206157195374
22	43	0.364637603681
22	44	0.217726934603
22	45	0.429005442736
22	46	0.135959794893
22	47	0.193761788701
22	48	0.139025919536
22	49	0.301660926815
22	50	0.519413768013
22	51	0.171763999745
22	52	0.271612018562
22	53	0.462639376029
22	54	0.328469680083
22	55	0.0495091843727
22	56	0.494373991212
22	57	0.436711650664
22	58	0.212429867079
22	59	0.388903506733
22	60	0.420547797288
22	61	0.166201936422
22	62	0.261687628435
22	63	0.233092443675
22	64	0.238463000555
22	65	0.121877006228
23	1	0.236667742337
23	2	0.59364762356
23	3	0.482441645153
23	4	0.398459130107
23	5	0.324942027056
23	6	0.25384173042
23	7	0.523785573879
23	8	0.259193845136
23	9	0.604053802821
23	10	0.141519550232
23	11	0.73798149674
23	12	0.348014138423
23	13	0.507917195505
23	14	0.655643276507
23	15	0.440931107549
23	16	0.560606348878
23	17	0.568937450818
23	18	0.428729891715
23	19	0.338309490157
23	20	0.372175807817
23	21	0.260727365535
23	22	0.58051723954
23	23	1.0
23	24	0.420360906916
23	25	0.561686655367
23	26	0.555337580707
23	27	0.0391688574942
23	28	0.633258960754
23	29	0.335803252415
23	30	0.30083267633
23	31	0.432291688085
23	32	0.539410094332
23	33	0.59781337886
23	34	0.318487540274
23	35	0.758663917145
23	36	0.263814549843
23	37	0.402884964456
23	38	0.434118702292
23	39	0.144703233169
23	40	0.106123146607
23	41	0.217493015754
23	42	0.300814269295
23	43	0.413991241714
23	44	0.30912951677
23	45	0.411486675597
23	46	0.268966030001
23	47	0.144366108839
23	48	0.107300347132
23	49	0.427868947512
23	50	0.78844461199
23	51	0.172938716143
23	52	0.235262289988
23	53	0.243326782484
23	54	0.461747777378
23	55	0.262002780533
23	56	0.559438491464
23	57	0.543959877708
23	58	0.231402916097
23	59	0.529053725192
23	60	0.297449896376
23	61	0.278332987921
23	62	0.256755314987
23	63	0.229301752314
23	64	0.557321805007
23	65	0.232796215511
24	1	0.272374014829
24	2	0.595946204188
24	3	0.538496480932
24	4	0.419716048553
24	5	0.520889105181
24	6	0.399330768295
24	7	0.52219083356
24	8	0.428114821663
24	9	0.616115838937
24	10	0.236869772833
24	11	0.500718927818
24	12	0.359413225174
24	13	0.43774706227
24	14	0.39370932823
24	15	0.512991911913
24	16	0.388571029972
24	17	0.512220052866
24	18	0.508761104257
24	19	0.486885348457
24	20	0.281172076752
24	21	0.433043709723
24	22	0.394163338695
24	23	0.420360906916
24	24	1.0
24	25	0.304824114042
24	26	0.267539671475
24	27	0.239282189905
24	28	0.509489624814
24	29	0.311342149912
24	30	0.383832695047
24	31	0.507768590978
24	32	0.543287047531
24	33	0.277369296537
24	34	0.337996476227
24	35	0.495694892763
24	36	0.494948248672
24	37	0.363039881082
24	38	0.297118492916
24	39	0.175873599487
24	40	0.287111886544
24	41	0.179827744105
24	42	0.274406539526
24	43	0.353030558438
24	44	0.36173655538
24	45	0.339125559521
24	46	0.181881090952
24	47	0.125516216064
24	48	0.233629214022
24	49	0.429970998843
24	50	0.358804542164
24	51	0.312899127237
24	52	0.428836162204
24	53	0.491998385036
24	54	0.437522182716
24	55	0.198693690431
24	56	0.478656949725
24	57	0.146053455576
24	58	0.449750680796
24	59	0.260129084982
24	60	0.521232666885
24	61	0.439315984802
24	62	0.43338693616
24	63	0.46526484405
24	64	0.25481944365
24	65	0.331015584712
25	1	0.263405835952
25	2	0.413698060971
25	3	0.496689523591
25	4	0.326145368105
25	5	0.427929236315
25	6	0.144808879891
25	7	0.293372047821
25	8	0.166754599566
25	9	0.48971244551
25	10	0.15416132034
25	11	0.497912780581
25	12	0.380920895894
25	13	0.448652651563
25	14	0.428311149679
25	15	0.260476066449
25	16	0.422711701646
25	17	0.352868540599
25	18	0.351758712993
25	19	0.32675598425
25	20	0.293875947417
25	21	0.144088501353
25	22	0.508849414934
25	23	0.561686655367
25	24	0.304824114042
25	25	1.0
25	26	0.487543831214
25	27	0.092618805374
25	28	0.369406755733
25	29	0.294282492684
25	30	0.298317820857
25	31	0.338737357557
25	32	0.469661523744
25	33	0.561609007618
25	34	0.352575198252
25	35	0.558167074066
25	36	0.255978994054
25	37	0.410871719255
25	38	0.395031511997
25	39	0.219922168785
25	40	0.111341642529
25	41	0.270242572971
25	42	0.284844623299
25	43	0.371457834219
25	44	0.242559778765
25	45	0.344605124936
25	46	0.247332529307
25	47	0.198243464877
25	48	0.0722600853021
25	49	0.276407131133
25	50	0.529852766609
25	51	0.188971108011
25	52	0.219910704516
25	53	0.261076083318
25	54	0.377815625091
25	55	0.102931536736
25	56	0.436716908671
25	57	0.378308606466
25	58	0.240072469671
25	59	0.303204618224
25	60	0.297488924225
25	61	0.169099570792
25	62	0.267671710626
25	63	0.143446891332
25	64	0.311648026896
25	65	0.196596669209
26	1	0.427836668362
26	2	0.368601433401
26	3	0.404124834308
26	4	0.463135355774
26	5	0.262050457294
26	6	0.320650824553
26	7	0.25841320779
26	8	0.193742262625
26	9	0.511383124253
26	10	0.214793802705
26	11	0.498565285096
26	12	0.255270578889
26	13	0.39717755239
26	14	0.355449485403
26	15	0.285801613518
26	16	0.302912556703
26	17	0.512471242493
26	18	0.408687551232
26	19	0.367091831466
26	20	0.294402391109
26	21	0.332930335737
26	22	0.447645660827
26	23	0.555337580707
26	24	0.267539671475
26	25	0.487543831214
26	26	1.0
26	27	0.26902071909
26	28	0.373118312461
26	29	0.227644272071
26	30	0.481253679927
26	31	0.458355883887
26	32	0.507302421325
26	33	0.543464070315
26	34	0.412944083501
26	35	0.485164755035
26	36	0.364567449054
26	37	0.46496096163
26	38	0.425229312163
26	39	0.257187261943
26	40	0.0970209298755
26	41	0.352923428898
26	42	0.377352439247
26	43	0.343888580016
26	44	0.369940035683
26	45	0.430949469618
26	46	0.454999978319
26	47	0.230327304529
26	48	0.0845839876293
26	49	0.276575526193
26	50	0.630784569
26	51	0.313432535087
26	52	0.355285305768
26	53	0.196765164326
26	54	0.34306673232
26	55	0.389119203937
26	56	0.395102436933
26	57	0.395580865655
26	58	0.305040084718
26	59	0.317172902872
26	60	0.222723164202
26	61	0.231343530419
26	62	0.235775377686
26	63	0.223881369065
26	64	0.504117584756
26	65	0.479669379998
27	1	0.366449922935
27	2	0.129484986614
27	3	0.0
27	4	0.0
27	5	0.105512489403
27	6	0.0970672253402
27	7	0.0
27	8	0.0
27	9	0.129040051578
27	10	0.0
27	11	0.0672968869477
27	12	0.0
27	13	0.187222677618
27	14	0.0
27	15	0.0431525385209
27	16	0.0465812769354
27	17	0.051741429635
27	18	0.14494992902
27	19	0.126300154976
27	20	0.0732276764215
27	21	0.0
27	22	0.0
27	23	0.0391688574942
27	24	0.239282189905
27	25	0.092618805374
27	26	0.26902071909
27	27	1.0
27	28	0.0602212600141
27	29	0.0604557578098
27	30	0.272297512027
27	31	0.304948986819
27	32	0.122289864817
27	33	0.0
27	34	0.203505227571
27	35	0.137723723878
27	36	0.343079559241
27	37	0.119988018065
27	38	0.0
27	39	0.128251291923
27	40	0.270299568837
27	41	0.0
27	42	0.416883125496
27	43	0.320931380818
27	44	0.443445914123
27	45	0.0
27	46	0.0
27	47	0.0
27	48	0.169528974739
27	49	0.137942625588
27	50	0.0451118913051
27	51	0.499819534731
27	52	0.459540715921
27	53	0.0556062924362
27	54	0.0
27	55	0.181115319248
27	56	0.0987746943455
27	57	0.0
27	58	0.408686229305
27	59	0.0
27	60	0.0
27	61	0.0661205900537
27	62	0.1569957691
27	63	0.167847430313
27	64	0.0
27	65	0.461234326373
28	1	0.190088430296
28	2	0.526498049144
28	3	0.444765140438
28	4	0.327400895736
28	5	0.261206533361
28	6	0.404305503059
28	7	0.618660802492
28	8	0.504648895819
28	9	0.569821796011
28	10	0.253822239156
28	11	0.572007485517
28	12	0.3861702813
28	13	0.472941642597
28	14	0.434347320884
28	15	0.516120481012
28	16	0.425486989389
28	17	0.526596301614
28	18	0.523551314109
28	19	0.497953444228
28	20	0.446878046472
28	21	0.371315057028
28	22	0.540767323206
28	23	0.633258960754
28	24	0.509489624814
28	25	0.369406755733
28	26	0.373118312461
28	27	0.0602212600141
28	28	1.0
28	29	0.517733726206
28	30	0.26573561568
28	31	0.270604920849
28	32	0.451867194041
28	33	0.485250583062
28	34	0.435006487287
28	35	0.631150976013
28	36	0.395170345397
28	37	0.341569148079
28	38	0.480091407822
28	39	0.142585480841
28	40	0.252581609733
28	41	0.13544780047
28	42	0.20832477957
28	43	0.486569439999
28	44	0.434810596327
28	45	0.555977369431
28	46	0.279272848422
28	47	0.157354297453
28	48	0.212348985936
28	49	0.547659583615
28	50	0.570990789151
28	51	0.157166861733
28	52	0.164513564047
28	53	0.42037769652
28	54	0.458872880063
28	55	0.169341391386
28	56	0.614707980498
28	57	0.390615368346
28	58	0.211507752436
28	59	0.568285368391
28	60	0.349579281503
28	61	0.296362622847
28	62	0.285583744382
28	63	0.282858451213
28	64	0.426396539015
28	65	0.294619887267
29	1	0.192406661873
29	2	0.317150931618
29	3	0.371252085208
29	4	0.266495452063
29	5	0.276444670837
29	6	0.330000542598
29	7	0.450146698378
29	8	0.442234028342
29	9	0.467054382258
29	10	0.297782981012
29	11	0.380167954562
29	12	0.266815566847
29	13	0.289273655602
29	14	0.274980955212
29	15	0.388832662804
29	16	0.299014226916
29	17	0.324372516821
29	18	0.460446359338
29	19	0.486374672518
29	20	0.306625884479
29	21	0.269350664909
29	22	0.373078348703
29	23	0.335803252415
29	24	0.311342149912
29	25	0.294282492684
29	26	0.227644272071
29	27	0.0604557578098
29	28	0.517733726206
29	29	1.0
29	30	0.273217043638
29	31	0.22400091185
29	32	0.212957819039
29	33	0.336775673071
29	34	0.357886417989
29	35	0.351092963299
29	36	0.33937125898
29	37	0.294969116342
29	38	0.314896720301
29	39	0.245622784
29	40	0.207437418768
29	41	0.0873294221292
29	42	0.174890221177
29	43	0.307451862737
29	44	0.396553432575
29	45	0.32298771849
29	46	0.216532479467
29	47	0.179314984326
29	48	0.362218982392
29	49	0.363452319878
29	50	0.365831807208
29	51	0.133177754455
29	52	0.101393328594
29	53	0.382333755237
29	54	0.417336596664
29	55	0.0955720379663
29	56	0.483047047447
29	57	0.185471019292
29	58	0.186869893965
29	59	0.330957576927
29	60	0.296569864164
29	61	0.214932902678
29	62	0.287684502876
29	63	0.205046309318
29	64	0.291859941743
29	65	0.144576348533
30	1	0.336584004848
30	2	0.314852934917
30	3	0.290317408141
30	4	0.348198655276
30	5	0.398478326432
30	6	0.255860146853
30	7	0.236181718993
30	8	0.317398641163
30	9	0.386019381945
30	10	0.37536726271
30	11	0.330981413084
30	12	0.290815297121
30	13	0.281222317817
30	14	0.244361490005
30	15	0.273139029197
30	16	0.226786083686
30	17	0.365722665693
30	18	0.421035943612
30	19	0.444085905221
30	20	0.285008155863
30	21	0.33395194069
30	22	0.30724457567
30	23	0.30083267633
30	24	0.383832695047
30	25	0.298317820857
30	26	0.481253679927
30	27	0.272297512027
30	28	0.26573561568
30	29	0.273217043638
30	30	1.0
30	31	0.582130217542
30	32	0.386611078288
30	33	0.289189438779
30	34	0.389737415384
30	35	0.307485249879
30	36	0.49114897538
30	37	0.399958868248
30	38	0.236361432856
30	39	0.273648240731
30	40	0.164638755509
30	41	0.319248871079
30	42	0.267309881078
30	43	0.379532136361
30	44	0.281219664751
30	45	0.23805722688
30	46	0.226334273521
30	47	0.104128917156
30	48	0.40943058819
30	49	0.201221548343
30	50	0.290424235837
30	51	0.272601505881
30	52	0.354963330087
30	53	0.369706803549
30	54	0.396134403648
30	55	0.317870149562
30	56	0.397631668944
30	57	0.166248018846
30	58	0.505560998752
30	59	0.144141275642
30	60	0.274549699039
30	61	0.241691353908
30	62	0.269073525456
30	63	0.338775215429
30	64	0.420069951311
30	65	0.378679797554
31	1	0.558528580019
31	2	0.412263915209
31	3	0.291756209666
31	4	0.286357107595
31	5	0.41640374876
31	6	0.326938760174
31	7	0.39266315317
31	8	0.32970114406
31	9	0.544404282366
31	10	0.321782035281
31	11	0.388540418406
31	12	0.246449269506
31	13	0.38164363918
31	14	0.295475027317
31	15	0.296004220953
31	16	0.235340376866
31	17	0.319502054285
31	18	0.43961228624
31	19	0.332294677773
31	20	0.288992129247
31	21	0.313884307438
31	22	0.408153096368
31	23	0.432291688085
31	24	0.507768590978
31	25	0.338737357557
31	26	0.458355883887
31	27	0.304948986819
31	28	0.270604920849
31	29	0.22400091185
31	30	0.582130217542
31	31	1.0
31	32	0.464708339235
31	33	0.288042276149
31	34	0.305790290132
31	35	0.411117685353
31	36	0.509181537521
31	37	0.413419760145
31	38	0.203733837286
31	39	0.217073415081
31	40	0.14663769822
31	41	0.152615223011
31	42	0.422653668788
31	43	0.3617423978
31	44	0.37179990828
31	45	0.192082806242
31	46	0.13960226497
31	47	0.128452774366
31	48	0.287748673727
31	49	0.232306995625
31	50	0.355110796324
31	51	0.430004790512
31	52	0.55252543586
31	53	0.383656657442
31	54	0.500058983332
31	55	0.271634955335
31	56	0.43521953334
31	57	0.14947050001
31	58	0.491192832905
31	59	0.133107512746
31	60	0.323284507005
31	61	0.301774583547
31	62	0.402330277287
31	63	0.450869861435
31	64	0.310908542379
31	65	0.362486805064
32	1	0.399409863128
32	2	0.375208215
32	3	0.541663569333
32	4	0.542272596169
32	5	0.499001888789
32	6	0.258021879439
32	7	0.294720940395
32	8	0.195220164794
32	9	0.590154976937
32	10	0.162018763708
32	11	0.531175525513
32	12	0.273153779848
32	13	0.465221045109
32	14	0.448828188425
32	15	0.259682196041
32	16	0.298833766121
32	17	0.562977434165
32	18	0.511462543431
32	19	0.333029247594
32	20	0.330109000275
32	21	0.381539042895
32	22	0.372070810214
32	23	0.539410094332
32	24	0.543287047531
32	25	0.469661523744
32	26	0.507302421325
32	27	0.122289864817
32	28	0.451867194041
32	29	0.212957819039
32	30	0.386611078288
32	31	0.464708339235
32	32	1.0
32	33	0.583147765827
32	34	0.256640596259
32	35	0.604895809136
32	36	0.355407315338
32	37	0.651298848423
32	38	0.387707742058
32	39	0.241339379875
32	40	0.22051603384
32	41	0.328152493842
32	42	0.250258515501
32	43	0.340610633231
32	44	0.330616428559
32	45	0.520480148031
32	46	0.435422899295
32	47	0.214632516306
32	48	0.126735358858
32	49	0.310530529356
32	50	0.543446598884
32	51	0.311919590627
32	52	0.368557661809
32	53	0.31838069599
32	54	0.494167183722
32	55	0.294805885882
32	56	0.439211304846
32	57	0.36630170279
32	58	0.347439825503
32	59	0.2969947766
32	60	0.33439844397
32	61	0.350542629293
32	62	0.38670981913
32	63	0.317926825384
32	64	0.48015364946
32	65	0.451381809002
33	1	0.214678474486
33	2	0.351465933154
33	3	0.479385863531
33	4	0.361286272596
33	5	0.265564395674
33	6	0.149995148013
33	7	0.199420621501
33	8	0.126009909379
33	9	0.443261260562
33	10	0.110514890787
33	11	0.534771504641
33	12	0.25355256633
33	13	0.426717950863
33	14	0.462136385819
33	15	0.220427924017
33	16	0.409634742115
33	17	0.500667042369
33	18	0.357241640884
33	19	0.327905242458
33	20	0.283318762223
33	21	0.263575498989
33	22	0.447980121911
33	23	0.59781337886
33	24	0.277369296537
33	25	0.561609007618
33	26	0.543464070315
33	27	0.0
33	28	0.485250583062
33	29	0.336775673071
33	30	0.289189438779
33	31	0.288042276149
33	32	0.583147765827
33	33	1.0
33	34	0.292099138568
33	35	0.610915082277
33	36	0.218744631913
33	37	0.470675892073
33	38	0.442111280352
33	39	0.275255595312
33	40	0.287089915515
33	41	0.299332969646
33	42	0.258165435239
33	43	0.309486691542
33	44	0.309629490882
33	45	0.518005273361
33	46	0.384285957151
33	47	0.176797265275
33	48	0.132609632521
33	49	0.432587739382
33	50	0.653933342271
33	51	0.0972914728502
33	52	0.124711709374
33	53	0.157003745738
33	54	0.350502514446
33	55	0.186581475006
33	56	0.490938934215
33	57	0.480025520146
33	58	0.158492293814
33	59	0.366407722328
33	60	0.121835748845
33	61	0.128933432162
33	62	0.181950732142
33	63	0.245021863032
33	64	0.472931775714
33	65	0.26727447451
34	1	0.305641437947
34	2	0.300371844255
34	3	0.293177068544
34	4	0.265414011243
34	5	0.231569714159
34	6	0.246848170166
34	7	0.268586317837
34	8	0.367348924402
34	9	0.360939990048
34	10	0.315276601017
34	11	0.335575736863
34	12	0.276383390848
34	13	0.266961506178
34	14	0.239009524493
34	15	0.366295981952
34	16	0.326169861268
34	17	0.325159960705
34	18	0.42784302282
34	19	0.451916240115
34	20	0.229295164484
34	21	0.141676463241
34	22	0.334618016319
34	23	0.318487540274
34	24	0.337996476227
34	25	0.352575198252
34	26	0.412944083501
34	27	0.203505227571
34	28	0.435006487287
34	29	0.357886417989
34	30	0.389737415384
34	31	0.305790290132
34	32	0.256640596259
34	33	0.292099138568
34	34	1.0
34	35	0.396929843985
34	36	0.433217034008
34	37	0.269431330073
34	38	0.307562929909
34	39	0.293618112205
34	40	0.122321844951
34	41	0.249313675216
34	42	0.317484840072
34	43	0.335798613356
34	44	0.274158960955
34	45	0.26972233391
34	46	0.207027637264
34	47	0.285739716142
34	48	0.158375651175
34	49	0.319991389987
34	50	0.282312115812
34	51	0.195044142941
34	52	0.161368648042
34	53	0.278274101569
34	54	0.3182104045
34	55	0.197229219621
34	56	0.371965253214
34	57	0.221662051574
34	58	0.417409134254
34	59	0.296094055548
34	60	0.279458571548
34	61	0.168586084336
34	62	0.245057290495
34	63	0.177466352888
34	64	0.293355881094
34	65	0.259181381657
35	1	0.283496249277
35	2	0.551624918356
35	3	0.488761541318
35	4	0.465189513296
35	5	0.381679060552
35	6	0.292434134664
35	7	0.379258178276
35	8	0.311493684851
35	9	0.58412010641
35	10	0.214354348396
35	11	0.683193035444
35	12	0.321126172444
35	13	0.485369188016
35	14	0.577489128992
35	15	0.386229652191
35	16	0.500520104153
35	17	0.575645834725
35	18	0.477224395472
35	19	0.394018198018
35	20	0.310084791703
35	21	0.289786958166
35	22	0.471549271191
35	23	0.758663917145
35	24	0.495694892763
35	25	0.558167074066
35	26	0.485164755035
35	27	0.137723723878
35	28	0.631150976013
35	29	0.351092963299
35	30	0.307485249879
35	31	0.411117685353
35	32	0.604895809136
35	33	0.610915082277
35	34	0.396929843985
35	35	1.0
35	36	0.332554070821
35	37	0.504904825719
35	38	0.458289114518
35	39	0.204785403923
35	40	0.234993221967
35	41	0.220599413202
35	42	0.370542230375
35	43	0.442601539342
35	44	0.403844723703
35	45	0.482234261996
35	46	0.3672294528
35	47	0.303923502393
35	48	0.0892298778315
35	49	0.48630427135
35	50	0.685518549892
35	51	0.210703162867
35	52	0.233095960673
35	53	0.288189978716
35	54	0.518300909156
35	55	0.170323529701
35	56	0.572313154825
35	57	0.469497924634
35	58	0.341139811089
35	59	0.45991062505
35	60	0.291641602363
35	61	0.298256256197
35	62	0.363214437989
35	63	0.250909909266
35	64	0.504744634911
35	65	0.333949889231
36	1	0.513934646439
36	2	0.357625089636
36	3	0.364020678278
36	4	0.334954016454
36	5	0.458520351346
36	6	0.382422674173
36	7	0.375060534124
36	8	0.462803508847
36	9	0.47886747204
36	10	0.33813874562
36	11	0.34724359194
36	12	0.289563716043
36	13	0.316892623566
36	14	0.245075513751
36	15	0.351651003421
36	16	0.220223496814
36	17	0.347871456763
36	18	0.463042428176
36	19	0.416176831272
36	20	0.327608581751
36	21	0.306486788079
36	22	0.284165927653
36	23	0.263814549843
36	24	0.494948248672
36	25	0.255978994054
36	26	0.364567449054
36	27	0.343079559241
36	28	0.395170345397
36	29	0.33937125898
36	30	0.49114897538
36	31	0.509181537521
36	32	0.355407315338
36	33	0.218744631913
36	34	0.433217034008
36	35	0.332554070821
36	36	1.0
36	37	0.369312646202
36	38	0.26925780129
36	39	0.282425396593
36	40	0.259265769357
36	41	0.12814380244
36	42	0.332223941929
36	43	0.400989720301
36	44	0.471254190018
36	45	0.290229064265
36	46	0.163293796863
36	47	0.135226940074
36	48	0.238357736462
36	49	0.364738261636
36	50	0.276300780335
36	51	0.373187798509
36	52	0.435576474965
36	53	0.472988068905
36	54	0.400128994626
36	55	0.264657059713
36	56	0.446424204395
36	57	0.0699346976093
36	58	0.549237897722
36	59	0.158910228896
36	60	0.453874810224
36	61	0.262196389577
36	62	0.405013800151
36	63	0.423711960022
36	64	0.282084552744
36	65	0.458326608448
37	1	0.334875697964
37	2	0.319614828395
37	3	0.524578972735
37	4	0.529847984436
37	5	0.442500600663
37	6	0.334577163231
37	7	0.25884594396
37	8	0.307708850786
37	9	0.542100429331
37	10	0.244987883671
37	11	0.487731274234
37	12	0.259487635951
37	13	0.278216197351
37	14	0.395327526644
37	15	0.269980277505
37	16	0.264354289854
37	17	0.500897794988
37	18	0.446639213772
37	19	0.310583661959
37	20	0.314972204091
37	21	0.461768750286
37	22	0.210908565662
37	23	0.402884964456
37	24	0.363039881082
37	25	0.410871719255
37	26	0.46496096163
37	27	0.119988018065
37	28	0.341569148079
37	29	0.294969116342
37	30	0.399958868248
37	31	0.413419760145
37	32	0.651298848423
37	33	0.470675892073
37	34	0.269431330073
37	35	0.504904825719
37	36	0.369312646202
37	37	1.0
37	38	0.299867938077
37	39	0.206918453867
37	40	0.170359930896
37	41	0.372453207294
37	42	0.161530369495
37	43	0.334350784802
37	44	0.330847727611
37	45	0.454478515252
37	46	0.445907767729
37	47	0.196698048901
37	48	0.16380747588
37	49	0.289068855213
37	50	0.475255327854
37	51	0.107411886269
37	52	0.325577775679
37	53	0.264076808809
37	54	0.590882394894
37	55	0.285819371
37	56	0.396317493333
37	57	0.31744794944
37	58	0.264446911067
37	59	0.170380449572
37	60	0.298209810561
37	61	0.298397467312
37	62	0.303647406136
37	63	0.278763042672
37	64	0.463444498001
37	65	0.437979140614
38	1	0.169674661303
38	2	0.272623347802
38	3	0.287906319093
38	4	0.23548205106
38	5	0.234679059373
38	6	0.11210284252
38	7	0.190637281625
38	8	0.144660709908
38	9	0.316782765778
38	10	0.200352387077
38	11	0.365985522642
38	12	0.446863463207
38	13	0.346308363243
38	14	0.318082979795
38	15	0.246873244172
38	16	0.232234925574
38	17	0.315286041375
38	18	0.294821398269
38	19	0.329155493093
38	20	0.338329032424
38	21	0.123125024305
38	22	0.513246952925
38	23	0.434118702292
38	24	0.297118492916
38	25	0.395031511997
38	26	0.425229312163
38	27	0.0
38	28	0.480091407822
38	29	0.314896720301
38	30	0.236361432856
38	31	0.203733837286
38	32	0.387707742058
38	33	0.442111280352
38	34	0.307562929909
38	35	0.458289114518
38	36	0.26925780129
38	37	0.299867938077
38	38	1.0
38	39	0.394256131184
38	40	0.072351364832
38	41	0.129687102106
38	42	0.231631659425
38	43	0.275866477938
38	44	0.169743274344
38	45	0.503266350419
38	46	0.325280149157
38	47	0.25764278175
38	48	0.187118560578
38	49	0.254712857265
38	50	0.47897535849
38	51	0.207657740201
38	52	0.0718544759935
38	53	0.154481879977
38	54	0.320699505305
38	55	0.0668863598377
38	56	0.549404347297
38	57	0.344162352354
38	58	0.141655822828
38	59	0.573706233641
38	60	0.142038854279
38	61	0.0732555191475
38	62	0.173936841157
38	63	0.062454626149
38	64	0.321917938773
38	65	0.102201023916
39	1	0.252880083797
39	2	0.104030480059
39	3	0.170420629685
39	4	0.15054021569
39	5	0.250044791503
39	6	0.0859371570826
39	7	0.0507798389256
39	8	0.0773561358718
39	9	0.16890363473
39	10	0.0850562922894
39	11	0.148551852571
39	12	0.261269899785
39	13	0.144207561515
39	14	0.141212344382
39	15	0.0956499624818
39	16	0.141047769787
39	17	0.124144913398
39	18	0.173921339233
39	19	0.201616269584
39	20	0.0870943331969
39	21	0.0655933493032
39	22	0.158557189227
39	23	0.144703233169
39	24	0.175873599487
39	25	0.219922168785
39	26	0.257187261943
39	27	0.128251291923
39	28	0.142585480841
39	29	0.245622784
39	30	0.273648240731
39	31	0.217073415081
39	32	0.241339379875
39	33	0.275255595312
39	34	0.293618112205
39	35	0.204785403923
39	36	0.282425396593
39	37	0.206918453867
39	38	0.394256131184
39	39	1.0
39	40	0.212516310702
39	41	0.102405727861
39	42	0.352539335724
39	43	0.126439556235
39	44	0.15502054504
39	45	0.224556365824
39	46	0.319591993685
39	47	0.135057296265
39	48	0.202603794794
39	49	0.193507820184
39	50	0.228048460265
39	51	0.296146790231
39	52	0.152544515693
39	53	0.0989562871241
39	54	0.21368176847
39	55	0.109219090873
39	56	0.339393488734
39	57	0.104770445545
39	58	0.24410768117
39	59	0.186601816611
39	60	0.114110275733
39	61	0.0
39	62	0.185325445304
39	63	0.134739402983
39	64	0.228934593804
39	65	0.136115860661
40	1	0.266820895368
40	2	0.266000483221
40	3	0.208264264456
40	4	0.102205112367
40	5	0.221973110132
40	6	0.20464691749
40	7	0.155921142663
40	8	0.117281586099
40	9	0.209880586235
40	10	0.0426655271126
40	11	0.191733208975
40	12	0.0437603818005
40	13	0.220287897242
40	14	0.143808318518
40	15	0.146866101735
40	16	0.181021319997
40	17	0.0933013939085
40	18	0.215354547831
40	19	0.25305276198
40	20	0.0440153041189
40	21	0.133598366495
40	22	0.119006867702
40	23	0.106123146607
40	24	0.287111886544
40	25	0.111341642529
40	26	0.0970209298755
40	27	0.270299568837
40	28	0.252581609733
40	29	0.207437418768
40	30	0.164638755509
40	31	0.14663769822
40	32	0.22051603384
40	33	0.287089915515
40	34	0.122321844951
40	35	0.234993221967
40	36	0.259265769357
40	37	0.170359930896
40	38	0.072351364832
40	39	0.212516310702
40	40	1.0
40	41	0.0
40	42	0.20046232187
40	43	0.257527910267
40	44	0.344078335295
40	45	0.114342246504
40	46	0.171822364095
40	47	0.0687700596021
40	48	0.207092151609
40	49	0.316310849431
40	50	0.190638435356
40	51	0.310501468856
40	52	0.270301855098
40	53	0.100270607731
40	54	0.152097255158
40	55	0.184781842479
40	56	0.285533896582
40	57	0.0
40	58	0.215950887348
40	59	0.0957336809793
40	60	0.113739112832
40	61	0.0397434142658
40	62	0.285271334882
40	63	0.202818377826
40	64	0.106111330529
40	65	0.283395618411
41	1	0.121894488274
41	2	0.227223130501
41	3	0.23428852645
41	4	0.424204102334
41	5	0.0789688514559
41	6	0.21794445404
41	7	0.0858548629919
41	8	0.162259756548
41	9	0.209009034425
41	10	0.18362768401
41	11	0.298253309249
41	12	0.0363256456544
41	13	0.193900152754
41	14	0.143250944503
41	15	0.186434285095
41	16	0.0708318960229
41	17	0.414294324267
41	18	0.267201613832
41	19	0.107786225678
41	20	0.109611772682
41	21	0.307713439853
41	22	0.103077057555
41	23	0.217493015754
41	24	0.179827744105
41	25	0.270242572971
41	26	0.352923428898
41	27	0.0
41	28	0.13544780047
41	29	0.0873294221292
41	30	0.319248871079
41	31	0.152615223011
41	32	0.328152493842
41	33	0.299332969646
41	34	0.249313675216
41	35	0.220599413202
41	36	0.12814380244
41	37	0.372453207294
41	38	0.129687102106
41	39	0.102405727861
41	40	0.0
41	41	1.0
41	42	0.0416011182472
41	43	0.116701733387
41	44	0.0873658256041
41	45	0.166102821277
41	46	0.330886725281
41	47	0.171258799441
41	48	0.04261061211
41	49	0.142638313164
41	50	0.225605945039
41	51	0.03213806118
41	52	0.0963528584439
41	53	0.0578100268551
41	54	0.237492738135
41	55	0.301682488485
41	56	0.0876168161062
41	57	0.249914953258
41	58	0.18150270878
41	59	0.0788731991779
41	60	0.12851864989
41	61	0.310276900789
41	62	0.0783337002052
41	63	0.200950337889
41	64	0.440727357606
41	65	0.253148290677
42	1	0.375666294532
42	2	0.264982879638
42	3	0.0886328503202
42	4	0.13048897923
42	5	0.2441382804
42	6	0.148981477863
42	7	0.0660243110105
42	8	0.0506664494177
42	9	0.349179387633
42	10	0.110590801671
42	11	0.265578754165
42	12	0.112584823934
42	13	0.234374633048
42	14	0.220326364351
42	15	0.0932735757633
42	16	0.216810580809
42	17	0.245983382382
42	18	0.344598822256
42	19	0.291749473827
42	20	0.169436614569
42	21	0.0
42	22	0.206157195374
42	23	0.300814269295
42	24	0.274406539526
42	25	0.284844623299
42	26	0.377352439247
42	27	0.416883125496
42	28	0.20832477957
42	29	0.174890221177
42	30	0.267309881078
42	31	0.422653668788
42	32	0.250258515501
42	33	0.258165435239
42	34	0.317484840072
42	35	0.370542230375
42	36	0.332223941929
42	37	0.161530369495
42	38	0.231631659425
42	39	0.352539335724
42	40	0.20046232187
42	41	0.0416011182472
42	42	1.0
42	43	0.328176793136
42	44	0.369524512904
42	45	0.109488674419
42	46	0.19084447256
42	47	0.0878012329452
42	48	0.194660758111
42	49	0.211718179316
42	50	0.368440123981
42	51	0.486463596541
42	52	0.353749620497
42	53	0.043317590115
42	54	0.166865946012
42	55	0.19435252985
42	56	0.399100565208
42	57	0.13622328522
42	58	0.313631497195
42	59	0.181965765879
42	60	0.0
42	61	0.101483721089
42	62	0.310000570894
42	63	0.21532927653
42	64	0.296211428481
42	65	0.318561874046
43	1	0.300834560483
43	2	0.345888969839
43	3	0.283589030847
43	4	0.167004640029
43	5	0.389788907701
43	6	0.2387000296
43	7	0.338639618344
43	8	0.256002188414
43	9	0.437729768426
43	10	0.246138038838
43	11	0.340130909457
43	12	0.215055319277
43	13	0.299961356545
43	14	0.25848337233
43	15	0.218854139255
43	16	0.382150937775
43	17	0.282124447721
43	18	0.407661238595
43	19	0.331418066582
43	20	0.329191470778
43	21	0.194396569403
43	22	0.364637603681
43	23	0.413991241714
43	24	0.353030558438
43	25	0.371457834219
43	26	0.343888580016
43	27	0.320931380818
43	28	0.486569439999
43	29	0.307451862737
43	30	0.379532136361
43	31	0.3617423978
43	32	0.340610633231
43	33	0.309486691542
43	34	0.335798613356
43	35	0.442601539342
43	36	0.400989720301
43	37	0.334350784802
43	38	0.275866477938
43	39	0.126439556235
43	40	0.257527910267
43	41	0.116701733387
43	42	0.328176793136
43	43	1.0
43	44	0.481858883956
43	45	0.283150395677
43	46	0.167879459477
43	47	0.0561856387741
43	48	0.252348336119
43	49	0.316125583593
43	50	0.421588698806
43	51	0.307742574034
43	52	0.253842222308
43	53	0.246177905091
43	54	0.284569554599
43	55	0.179228511325
43	56	0.486770657976
43	57	0.217929522151
43	58	0.276196981443
43	59	0.355313810831
43	60	0.185851364534
43	61	0.162353292298
43	62	0.27042476601
43	63	0.276436651855
43	64	0.258767041577
43	65	0.36240650047
44	1	0.42472534775
44	2	0.330951828631
44	3	0.302471640522
44	4	0.205528322609
44	5	0.297583033004
44	6	0.391387304546
44	7	0.384086489211
44	8	0.367682804191
44	9	0.554950514684
44	10	0.171595608432
44	11	0.304220499546
44	12	0.117332654697
44	13	0.324741998215
44	14	0.231351890705
44	15	0.331871041063
44	16	0.225215819067
44	17	0.291858748662
44	18	0.390905314056
44	19	0.356736612906
44	20	0.236032331853
44	21	0.317799179199
44	22	0.217726934603
44	23	0.30912951677
44	24	0.36173655538
44	25	0.242559778765
44	26	0.369940035683
44	27	0.443445914123
44	28	0.434810596327
44	29	0.396553432575
44	30	0.281219664751
44	31	0.37179990828
44	32	0.330616428559
44	33	0.309629490882
44	34	0.274158960955
44	35	0.403844723703
44	36	0.471254190018
44	37	0.330847727611
44	38	0.169743274344
44	39	0.15502054504
44	40	0.344078335295
44	41	0.0873658256041
44	42	0.369524512904
44	43	0.481858883956
44	44	1.0
44	45	0.229935368038
44	46	0.200394672183
44	47	0.046097482042
44	48	0.102200965753
44	49	0.371094861341
44	50	0.484229917043
44	51	0.510287371698
44	52	0.314599714157
44	53	0.249364567776
44	54	0.335936244538
44	55	0.29413175281
44	56	0.439214706042
44	57	0.107280107013
44	58	0.331314904976
44	59	0.159707384224
44	60	0.256577493822
44	61	0.214859135549
44	62	0.449310770764
44	63	0.389210432583
44	64	0.224427644475
44	65	0.446004375277
45	1	0.191674976173
45	2	0.248814834286
45	3	0.429722017403
45	4	0.334934829674
45	5	0.300207029677
45	6	0.198986502319
45	7	0.263618498583
45	8	0.227758052726
45	9	0.402951483899
45	10	0.155353949257
45	11	0.400945113013
45	12	0.350549188217
45	13	0.350341618102
45	14	0.356072229179
45	15	0.268978706494
45	16	0.24891130981
45	17	0.476699247263
45	18	0.380691244499
45	19	0.409893128835
45	20	0.391926192712
45	21	0.274694164569
45	22	0.429005442736
45	23	0.411486675597
45	24	0.339125559521
45	25	0.344605124936
45	26	0.430949469618
45	27	0.0
45	28	0.555977369431
45	29	0.32298771849
45	30	0.23805722688
45	31	0.192082806242
45	32	0.520480148031
45	33	0.518005273361
45	34	0.26972233391
45	35	0.482234261996
45	36	0.290229064265
45	37	0.454478515252
45	38	0.503266350419
45	39	0.224556365824
45	40	0.114342246504
45	41	0.166102821277
45	42	0.109488674419
45	43	0.283150395677
45	44	0.229935368038
45	45	1.0
45	46	0.408135688171
45	47	0.150243548919
45	48	0.110476850486
45	49	0.302864146269
45	50	0.464047597599
45	51	0.0820442453768
45	52	0.147971663129
45	53	0.32634574917
45	54	0.352095040184
45	55	0.189404163762
45	56	0.437059321121
45	57	0.388503842342
45	58	0.133916998252
45	59	0.457624038206
45	60	0.278947482392
45	61	0.176076922141
45	62	0.240524668223
45	63	0.17620764362
45	64	0.357312900055
45	65	0.222084340883
46	1	0.232995432803
46	2	0.234293680202
46	3	0.308423252506
46	4	0.648676538666
46	5	0.201260198974
46	6	0.376038715818
46	7	0.13128594242
46	8	0.198497085083
46	9	0.3398224682
46	10	0.108316015929
46	11	0.480081523878
46	12	0.11109555027
46	13	0.186416755332
46	14	0.292071752975
46	15	0.154558085115
46	16	0.255389872758
46	17	0.513210810479
46	18	0.368647057433
46	19	0.227536938253
46	20	0.230411311518
46	21	0.302028719076
46	22	0.135959794893
46	23	0.268966030001
46	24	0.181881090952
46	25	0.247332529307
46	26	0.454999978319
46	27	0.0
46	28	0.279272848422
46	29	0.216532479467
46	30	0.226334273521
46	31	0.13960226497
46	32	0.435422899295
46	33	0.384285957151
46	34	0.207027637264
46	35	0.3672294528
46	36	0.163293796863
46	37	0.445907767729
46	38	0.325280149157
46	39	0.319591993685
46	40	0.171822364095
46	41	0.330886725281
46	42	0.19084447256
46	43	0.167879459477
46	44	0.200394672183
46	45	0.408135688171
46	46	1.0
46	47	0.349176460501
46	48	0.0641889716691
46	49	0.175412790339
46	50	0.39726378602
46	51	0.0953382671376
46	52	0.0982260478892
46	53	0.132538950349
46	54	0.358552087355
46	55	0.276375283306
46	56	0.244930616034
46	57	0.27087298763
46	58	0.155616210436
46	59	0.371171169389
46	60	0.144376132102
46	61	0.252243941655
46	62	0.179677305914
46	63	0.128064487581
46	64	0.487360565879
46	65	0.316721940851
47	1	0.257264391214
47	2	0.0909043068854
47	3	0.121624579469
47	4	0.358121558022
47	5	0.055555898609
47	6	0.153327543301
47	7	0.0906004831437
47	8	0.273965840968
47	9	0.100283316381
47	10	0.308731048144
47	11	0.298174012305
47	12	0.158326750597
47	13	0.261481299228
47	14	0.201558837485
47	15	0.0853284787514
47	16	0.0981064786978
47	17	0.21794891846
47	18	0.254403486751
47	19	0.133002616919
47	20	0.0771137026459
47	21	0.0585152421081
47	22	0.193761788701
47	23	0.144366108839
47	24	0.125516216064
47	25	0.198243464877
47	26	0.230327304529
47	27	0.0
47	28	0.157354297453
47	29	0.179314984326
47	30	0.104128917156
47	31	0.128452774366
47	32	0.214632516306
47	33	0.176797265275
47	34	0.285739716142
47	35	0.303923502393
47	36	0.135226940074
47	37	0.196698048901
47	38	0.25764278175
47	39	0.135057296265
47	40	0.0687700596021
47	41	0.171258799441
47	42	0.0878012329452
47	43	0.0561856387741
47	44	0.046097482042
47	45	0.150243548919
47	46	0.349176460501
47	47	1.0
47	48	0.0885936717752
47	49	0.145262926964
47	50	0.144064427736
47	51	0.065792977569
47	52	0.0
47	53	0.0585571918941
47	54	0.266470554782
47	55	0.0635755657588
47	56	0.156024664053
47	57	0.280394341133
47	58	0.214781622322
47	59	0.249698725392
47	60	0.137170833598
47	61	0.0696294593704
47	62	0.165327177464
47	63	0.0589182372184
47	64	0.275177232009
47	65	0.145713294886
48	1	0.143307088861
48	2	0.167613844583
48	3	0.0
48	4	0.0658333454351
48	5	0.124404922165
48	6	0.075730689408
48	7	0.13424666374
48	8	0.101486765998
48	9	0.123271549919
48	10	0.222347651182
48	11	0.12217510007
48	12	0.113600943903
48	13	0.094595980563
48	14	0.0741049639509
48	15	0.0945892546438
48	16	0.111102933751
48	17	0.120196392382
48	18	0.307683532025
48	19	0.294382621494
48	20	0.228525432749
48	21	0.0436772351342
48	22	0.139025919536
48	23	0.107300347132
48	24	0.233629214022
48	25	0.0722600853021
48	26	0.0845839876293
48	27	0.169528974739
48	28	0.212348985936
48	29	0.362218982392
48	30	0.40943058819
48	31	0.287748673727
48	32	0.126735358858
48	33	0.132609632521
48	34	0.158375651175
48	35	0.0892298778315
48	36	0.238357736462
48	37	0.16380747588
48	38	0.187118560578
48	39	0.202603794794
48	40	0.207092151609
48	41	0.04261061211
48	42	0.194660758111
48	43	0.252348336119
48	44	0.102200965753
48	45	0.110476850486
48	46	0.0641889716691
48	47	0.0885936717752
48	48	1.0
48	49	0.111451699447
48	50	0.146000528539
48	51	0.194976614465
48	52	0.15103825002
48	53	0.179172187205
48	54	0.196786296691
48	55	0.23656583251
48	56	0.272223976369
48	57	0.0
48	58	0.238092063329
48	59	0.246659617851
48	60	0.0488418249091
48	61	0.102399649471
48	62	0.183270283469
48	63	0.131279747139
48	64	0.299058443212
48	65	0.0357152237346
49	1	0.209450885935
49	2	0.410954767789
49	3	0.391036794688
49	4	0.251869047404
49	5	0.312582383203
49	6	0.373701716687
49	7	0.439189759011
49	8	0.442119214669
49	9	0.389593512646
49	10	0.215382122863
49	11	0.346183937722
49	12	0.215681689945
49	13	0.258507722961
49	14	0.283515087299
49	15	0.419148570578
49	16	0.364461969098
49	17	0.3770618336
49	18	0.286277605708
49	19	0.285926944685
49	20	0.280838525338
49	21	0.258683052549
49	22	0.301660926815
49	23	0.427868947512
49	24	0.429970998843
49	25	0.276407131133
49	26	0.276575526193
49	27	0.137942625588
49	28	0.547659583615
49	29	0.363452319878
49	30	0.201221548343
49	31	0.232306995625
49	32	0.310530529356
49	33	0.432587739382
49	34	0.319991389987
49	35	0.48630427135
49	36	0.364738261636
49	37	0.289068855213
49	38	0.254712857265
49	39	0.193507820184
49	40	0.316310849431
49	41	0.142638313164
49	42	0.211718179316
49	43	0.316125583593
49	44	0.371094861341
49	45	0.302864146269
49	46	0.175412790339
49	47	0.145262926964
49	48	0.111451699447
49	49	1.0
49	50	0.381841932367
49	51	0.158648904525
49	52	0.136211961903
49	53	0.258868503353
49	54	0.322853619998
49	55	0.0511006606625
49	56	0.421548922426
49	57	0.225374889031
49	58	0.253450386175
49	59	0.234152822113
49	60	0.266945569302
49	61	0.169231721542
49	62	0.199329598402
49	63	0.361624070437
49	64	0.250202824462
49	65	0.25376256877
50	1	0.216522234995
50	2	0.49372611679
50	3	0.517011365003
50	4	0.423615465886
50	5	0.352339655073
50	6	0.334522509284
50	7	0.429218218348
50	8	0.284182357949
50	9	0.633574105757
50	10	0.16372916674
50	11	0.693797190772
50	12	0.326228674674
50	13	0.446816151388
50	14	0.589847475676
50	15	0.413575117382
50	16	0.485298257639
50	17	0.580067560219
50	18	0.441817432307
50	19	0.390931354371
50	20	0.334919364924
50	21	0.337284175815
50	22	0.519413768013
50	23	0.78844461199
50	24	0.358804542164
50	25	0.529852766609
50	26	0.630784569
50	27	0.0451118913051
50	28	0.570990789151
50	29	0.365831807208
50	30	0.290424235837
50	31	0.355110796324
50	32	0.543446598884
50	33	0.653933342271
50	34	0.282312115812
50	35	0.685518549892
50	36	0.276300780335
50	37	0.475255327854
50	38	0.47897535849
50	39	0.228048460265
50	40	0.190638435356
50	41	0.225605945039
50	42	0.368440123981
50	43	0.421588698806
50	44	0.484229917043
50	45	0.464047597599
50	46	0.39726378602
50	47	0.144064427736
50	48	0.146000528539
50	49	0.381841932367
50	50	1.0
50	51	0.237995621439
50	52	0.215974116167
50	53	0.196428703559
50	54	0.439284724687
50	55	0.352856041198
50	56	0.554376883864
50	57	0.479083738242
50	58	0.212860374975
50	59	0.427380540045
50	60	0.289348661948
50	61	0.219635783511
50	62	0.363459403611
50	63	0.221046369738
50	64	0.525057427741
50	65	0.277693691425
51	1	0.615632707501
51	2	0.205692877293
51	3	0.0664161417487
51	4	0.0488903070921
51	5	0.182484353179
51	6	0.139968782875
51	7	0.155614861998
51	8	0.0
51	9	0.319828877062
51	10	0.0
51	11	0.128998229789
51	12	0.083731956461
51	13	0.215326282067
51	14	0.0825496810316
51	15	0.0939124636446
51	16	0.107551585865
51	17	0.0595082273894
51	18	0.283694470815
51	19	0.169468608175
51	20	0.0848557711263
51	21	0.0319537106008
51	22	0.171763999745
51	23	0.172938716143
51	24	0.312899127237
51	25	0.188971108011
51	26	0.313432535087
51	27	0.499819534731
51	28	0.157166861733
51	29	0.133177754455
51	30	0.272601505881
51	31	0.430004790512
51	32	0.311919590627
51	33	0.0972914728502
51	34	0.195044142941
51	35	0.210703162867
51	36	0.373187798509
51	37	0.107411886269
51	38	0.207657740201
51	39	0.296146790231
51	40	0.310501468856
51	41	0.03213806118
51	42	0.486463596541
51	43	0.307742574034
51	44	0.510287371698
51	45	0.0820442453768
51	46	0.0953382671376
51	47	0.065792977569
51	48	0.194976614465
51	49	0.158648904525
51	50	0.237995621439
51	51	1.0
51	52	0.459242399249
51	53	0.168212393996
51	54	0.169321829729
51	55	0.316175051032
51	56	0.376712702584
51	57	0.0
51	58	0.445459406687
51	59	0.228630077203
51	60	0.0772675892309
51	61	0.119020843122
51	62	0.513245103154
51	63	0.229892725598
51	64	0.100682645881
51	65	0.403744625856
52	1	0.444194938353
52	2	0.281292956218
52	3	0.273711503928
52	4	0.251855933086
52	5	0.376023549672
52	6	0.230038547874
52	7	0.312478208083
52	8	0.237416528013
52	9	0.461449392853
52	10	0.127435142437
52	11	0.263547973573
52	12	0.173187879527
52	13	0.361071400532
52	14	0.170100195141
52	15	0.192028505659
52	16	0.137990568737
52	17	0.245242888038
52	18	0.414959705562
52	19	0.225241507418
52	20	0.174196770537
52	21	0.197529500081
52	22	0.271612018562
52	23	0.235262289988
52	24	0.428836162204
52	25	0.219910704516
52	26	0.355285305768
52	27	0.459540715921
52	28	0.164513564047
52	29	0.101393328594
52	30	0.354963330087
52	31	0.55252543586
52	32	0.368557661809
52	33	0.124711709374
52	34	0.161368648042
52	35	0.233095960673
52	36	0.435576474965
52	37	0.325577775679
52	38	0.0718544759935
52	39	0.152544515693
52	40	0.270301855098
52	41	0.0963528584439
52	42	0.353749620497
52	43	0.253842222308
52	44	0.314599714157
52	45	0.147971663129
52	46	0.0982260478892
52	47	0.0
52	48	0.15103825002
52	49	0.136211961903
52	50	0.215974116167
52	51	0.459242399249
52	52	1.0
52	53	0.371476245019
52	54	0.265508133308
52	55	0.25038019977
52	56	0.270177445639
52	57	0.0525847359823
52	58	0.397575439247
52	59	0.0
52	60	0.341201048639
52	61	0.363395509365
52	62	0.438213458294
52	63	0.336301083168
52	64	0.137876698716
52	65	0.355249098204
53	1	0.227426264955
53	2	0.331358957281
53	3	0.472894573365
53	4	0.304594113225
53	5	0.540839798025
53	6	0.276319390251
53	7	0.57817084321
53	8	0.433248503303
53	9	0.593584035961
53	10	0.255403104735
53	11	0.257632266534
53	12	0.373179193378
53	13	0.381832760965
53	14	0.244903417334
53	15	0.352505518636
53	16	0.340771180887
53	17	0.264818132517
53	18	0.482189861574
53	19	0.43159598574
53	20	0.262917008774
53	21	0.199076518917
53	22	0.462639376029
53	23	0.243326782484
53	24	0.491998385036
53	25	0.261076083318
53	26	0.196765164326
53	27	0.0556062924362
53	28	0.42037769652
53	29	0.382333755237
53	30	0.369706803549
53	31	0.383656657442
53	32	0.31838069599
53	33	0.157003745738
53	34	0.278274101569
53	35	0.288189978716
53	36	0.472988068905
53	37	0.264076808809
53	38	0.154481879977
53	39	0.0989562871241
53	40	0.100270607731
53	41	0.0578100268551
53	42	0.043317590115
53	43	0.246177905091
53	44	0.249364567776
53	45	0.32634574917
53	46	0.132538950349
53	47	0.0585571918941
53	48	0.179172187205
53	49	0.258868503353
53	50	0.196428703559
53	51	0.168212393996
53	52	0.371476245019
53	53	1.0
53	54	0.374263814565
53	55	0.0308989146942
53	56	0.431256178562
53	57	0.0908512646749
53	58	0.343053695741
53	59	0.121358253333
53	60	0.652557356021
53	61	0.376660920971
53	62	0.40699306017
53	63	0.2905156615
53	64	0.0915557861736
53	65	0.118032313588
54	1	0.330185450279
54	2	0.403584128979
54	3	0.443526129075
54	4	0.509174815659
54	5	0.404516949446
54	6	0.48444459304
54	7	0.459873548732
54	8	0.498050418425
54	9	0.542437449489
54	10	0.284120166915
54	11	0.565255732674
54	12	0.36387371314
54	13	0.368839699842
54	14	0.523615121479
54	15	0.405525379087
54	16	0.332590668557
54	17	0.482032914529
54	18	0.452760917704
54	19	0.42326712373
54	20	0.393080465558
54	21	0.465508945725
54	22	0.328469680083
54	23	0.461747777378
54	24	0.437522182716
54	25	0.377815625091
54	26	0.34306673232
54	27	0.0
54	28	0.458872880063
54	29	0.417336596664
54	30	0.396134403648
54	31	0.500058983332
54	32	0.494167183722
54	33	0.350502514446
54	34	0.3182104045
54	35	0.518300909156
54	36	0.400128994626
54	37	0.590882394894
54	38	0.320699505305
54	39	0.21368176847
54	40	0.152097255158
54	41	0.237492738135
54	42	0.166865946012
54	43	0.284569554599
54	44	0.335936244538
54	45	0.352095040184
54	46	0.358552087355
54	47	0.266470554782
54	48	0.196786296691
54	49	0.322853619998
54	50	0.439284724687
54	51	0.169321829729
54	52	0.265508133308
54	53	0.374263814565
54	54	1.0
54	55	0.221259937056
54	56	0.420587781862
54	57	0.236244612123
54	58	0.323701375839
54	59	0.344982055246
54	60	0.40186536473
54	61	0.287428858734
54	62	0.341233454675
54	63	0.374083712557
54	64	0.436634618011
54	65	0.276232239773
55	1	0.308565143878
55	2	0.288167496713
55	3	0.192533182562
55	4	0.425183073257
55	5	0.117703667439
55	6	0.351409320671
55	7	0.240480296103
55	8	0.144563748284
55	9	0.232743791706
55	10	0.0794813957739
55	11	0.38752693247
55	12	0.083544388012
55	13	0.169707182869
55	14	0.159535040629
55	15	0.369466128895
55	16	0.160023542425
55	17	0.496249661595
55	18	0.328224108925
55	19	0.093575446075
55	20	0.163377172155
55	21	0.370987721387
55	22	0.0495091843727
55	23	0.262002780533
55	24	0.198693690431
55	25	0.102931536736
55	26	0.389119203937
55	27	0.181115319248
55	28	0.169341391386
55	29	0.0955720379663
55	30	0.317870149562
55	31	0.271634955335
55	32	0.294805885882
55	33	0.186581475006
55	34	0.197229219621
55	35	0.170323529701
55	36	0.264657059713
55	37	0.285819371
55	38	0.0668863598377
55	39	0.109219090873
55	40	0.184781842479
55	41	0.301682488485
55	42	0.19435252985
55	43	0.179228511325
55	44	0.29413175281
55	45	0.189404163762
55	46	0.276375283306
55	47	0.0635755657588
55	48	0.23656583251
55	49	0.0511006606625
55	50	0.352856041198
55	51	0.316175051032
55	52	0.25038019977
55	53	0.0308989146942
55	54	0.221259937056
55	55	1.0
55	56	0.0966730189394
55	57	0.0986372529962
55	58	0.286933601923
55	59	0.17766839699
55	60	0.177528946341
55	61	0.373558902368
55	62	0.2657322411
55	63	0.251209558437
55	64	0.488170205784
55	65	0.384443184761
56	1	0.327021288262
56	2	0.435183919048
56	3	0.424277030112
56	4	0.251205174872
56	5	0.457095907667
56	6	0.243372923958
56	7	0.433644826713
56	8	0.359817900873
56	9	0.647896038731
56	10	0.292590193876
56	11	0.464788519277
56	12	0.38158462718
56	13	0.427144401457
56	14	0.391524649789
56	15	0.362258242696
56	16	0.441678289678
56	17	0.354819222216
56	18	0.513103623158
56	19	0.509553734961
56	20	0.359413662051
56	21	0.217512702737
56	22	0.494373991212
56	23	0.559438491464
56	24	0.478656949725
56	25	0.436716908671
56	26	0.395102436933
56	27	0.0987746943455
56	28	0.614707980498
56	29	0.483047047447
56	30	0.397631668944
56	31	0.43521953334
56	32	0.439211304846
56	33	0.490938934215
56	34	0.371965253214
56	35	0.572313154825
56	36	0.446424204395
56	37	0.396317493333
56	38	0.549404347297
56	39	0.339393488734
56	40	0.285533896582
56	41	0.0876168161062
56	42	0.399100565208
56	43	0.486770657976
56	44	0.439214706042
56	45	0.437059321121
56	46	0.244930616034
56	47	0.156024664053
56	48	0.272223976369
56	49	0.421548922426
56	50	0.554376883864
56	51	0.376712702584
56	52	0.270177445639
56	53	0.431256178562
56	54	0.420587781862
56	55	0.0966730189394
56	56	1.0
56	57	0.262244324289
56	58	0.305082234162
56	59	0.469196433361
56	60	0.274253145225
56	61	0.287576656286
56	62	0.397709950599
56	63	0.231319851703
56	64	0.378522635607
56	65	0.266366719142
57	1	0.14967927855
57	2	0.211556539286
57	3	0.283050121674
57	4	0.27781213034
57	5	0.129292154017
57	6	0.0792957037259
57	7	0.210849467184
57	8	0.15939636741
57	9	0.259315318475
57	10	0.0579863409215
57	11	0.462615867238
57	12	0.237897393016
57	13	0.458814634711
57	14	0.508166399152
57	15	0.165483520397
57	16	0.266370712202
57	17	0.38041530025
57	18	0.236823636121
57	19	0.171960886462
57	20	0.299104054623
57	21	0.0907861797384
57	22	0.436711650664
57	23	0.543959877708
57	24	0.146053455576
57	25	0.378308606466
57	26	0.395580865655
57	27	0.0
57	28	0.390615368346
57	29	0.185471019292
57	30	0.166248018846
57	31	0.14947050001
57	32	0.36630170279
57	33	0.480025520146
57	34	0.221662051574
57	35	0.469497924634
57	36	0.0699346976093
57	37	0.31744794944
57	38	0.344162352354
57	39	0.104770445545
57	40	0.0
57	41	0.249914953258
57	42	0.13622328522
57	43	0.217929522151
57	44	0.107280107013
57	45	0.388503842342
57	46	0.27087298763
57	47	0.280394341133
57	48	0.0
57	49	0.225374889031
57	50	0.479083738242
57	51	0.0
57	52	0.0525847359823
57	53	0.0908512646749
57	54	0.236244612123
57	55	0.0986372529962
57	56	0.262244324289
57	57	1.0
57	58	0.0416541106773
57	59	0.451974413932
57	60	0.103054548861
57	61	0.0540149231701
57	62	0.0641261246993
57	63	0.137117137722
57	64	0.332061682118
57	65	0.150715755454
58	1	0.435005945498
58	2	0.324103949723
58	3	0.216815946021
58	4	0.279304794476
58	5	0.297860705445
58	6	0.227776439165
58	7	0.244894937118
58	8	0.276124715901
58	9	0.361648793573
58	10	0.200884848701
58	11	0.310290662874
58	12	0.207748764752
58	13	0.288533392109
58	14	0.224569995528
58	15	0.228756607138
58	16	0.196752418119
58	17	0.292978842417
58	18	0.364632220285
58	19	0.356857073657
58	20	0.172354015338
58	21	0.156469658061
58	22	0.212429867079
58	23	0.231402916097
58	24	0.449750680796
58	25	0.240072469671
58	26	0.305040084718
58	27	0.408686229305
58	28	0.211507752436
58	29	0.186869893965
58	30	0.505560998752
58	31	0.491192832905
58	32	0.347439825503
58	33	0.158492293814
58	34	0.417409134254
58	35	0.341139811089
58	36	0.549237897722
58	37	0.264446911067
58	38	0.141655822828
58	39	0.24410768117
58	40	0.215950887348
58	41	0.18150270878
58	42	0.313631497195
58	43	0.276196981443
58	44	0.331314904976
58	45	0.133916998252
58	46	0.155616210436
58	47	0.214781622322
58	48	0.238092063329
58	49	0.253450386175
58	50	0.212860374975
58	51	0.445459406687
58	52	0.397575439247
58	53	0.343053695741
58	54	0.323701375839
58	55	0.286933601923
58	56	0.305082234162
58	57	0.0416541106773
58	58	1.0
58	59	0.111282327968
58	60	0.330397427635
58	61	0.250272854719
58	62	0.445623694091
58	63	0.328227313167
58	64	0.231853940616
58	65	0.324697585968
59	1	0.178395683677
59	2	0.314966350947
59	3	0.210053141344
59	4	0.247399197017
59	5	0.115717846228
59	6	0.178163315089
59	7	0.313890597303
59	8	0.14194676545
59	9	0.277827362348
59	10	0.103276801948
59	11	0.434859238806
59	12	0.317781069887
59	13	0.355488080966
59	14	0.417725435079
59	15	0.265261570933
59	16	0.413456079579
59	17	0.338770087899
59	18	0.316877667501
59	19	0.340059314028
59	20	0.497851391342
59	21	0.126282274321
59	22	0.388903506733
59	23	0.529053725192
59	24	0.260129084982
59	25	0.303204618224
59	26	0.317172902872
59	27	0.0
59	28	0.568285368391
59	29	0.330957576927
59	30	0.144141275642
59	31	0.133107512746
59	32	0.2969947766
59	33	0.366407722328
59	34	0.296094055548
59	35	0.45991062505
59	36	0.158910228896
59	37	0.170380449572
59	38	0.573706233641
59	39	0.186601816611
59	40	0.0957336809793
59	41	0.0788731991779
59	42	0.181965765879
59	43	0.355313810831
59	44	0.159707384224
59	45	0.457624038206
59	46	0.371171169389
59	47	0.249698725392
59	48	0.246659617851
59	49	0.234152822113
59	50	0.427380540045
59	51	0.228630077203
59	52	0.0
59	53	0.121358253333
59	54	0.344982055246
59	55	0.17766839699
59	56	0.469196433361
59	57	0.451974413932
59	58	0.111282327968
59	59	1.0
59	60	0.091772856016
59	61	0.0962034926469
59	62	0.172180680883
59	63	0.082019119343
59	64	0.404138306272
59	65	0.100662334735
60	1	0.146448258035
60	2	0.425983293016
60	3	0.569940420309
60	4	0.444224149263
60	5	0.551304912945
60	6	0.366295392423
60	7	0.60263083502
60	8	0.492041277693
60	9	0.576092565201
60	10	0.208729535612
60	11	0.383562159943
60	12	0.42817163127
60	13	0.472241982932
60	14	0.30557915078
60	15	0.446896331155
60	16	0.324517498304
60	17	0.39246173492
60	18	0.396880730071
60	19	0.367379073694
60	20	0.212564503043
60	21	0.322595412549
60	22	0.420547797288
60	23	0.297449896376
60	24	0.521232666885
60	25	0.297488924225
60	26	0.222723164202
60	27	0.0
60	28	0.349579281503
60	29	0.296569864164
60	30	0.274549699039
60	31	0.323284507005
60	32	0.33439844397
60	33	0.121835748845
60	34	0.279458571548
60	35	0.291641602363
60	36	0.453874810224
60	37	0.298209810561
60	38	0.142038854279
60	39	0.114110275733
60	40	0.113739112832
60	41	0.12851864989
60	42	0.0
60	43	0.185851364534
60	44	0.256577493822
60	45	0.278947482392
60	46	0.144376132102
60	47	0.137170833598
60	48	0.0488418249091
60	49	0.266945569302
60	50	0.289348661948
60	51	0.0772675892309
60	52	0.341201048639
60	53	0.652557356021
60	54	0.40186536473
60	55	0.177528946341
60	56	0.274253145225
60	57	0.103054548861
60	58	0.330397427635
60	59	0.091772856016
60	60	1.0
60	61	0.424754845947
60	62	0.367548186319
60	63	0.329047565643
60	64	0.134849442809
60	65	0.191984208342
61	1	0.116349137396
61	2	0.421531567564
61	3	0.394397300542
61	4	0.570754032924
61	5	0.321067206586
61	6	0.324905737454
61	7	0.42228643792
61	8	0.322440674343
61	9	0.46867589075
61	10	0.129596118011
61	11	0.442566758206
61	12	0.17722897111
61	13	0.311653693186
61	14	0.203847629928
61	15	0.434238230407
61	16	0.292155937078
61	17	0.473835394941
61	18	0.384177777092
61	19	0.230593580981
61	20	0.178261403149
61	21	0.30435279092
61	22	0.166201936422
61	23	0.278332987921
61	24	0.439315984802
61	25	0.169099570792
61	26	0.231343530419
61	27	0.0661205900537
61	28	0.296362622847
61	29	0.214932902678
61	30	0.241691353908
61	31	0.301774583547
61	32	0.350542629293
61	33	0.128933432162
61	34	0.168586084336
61	35	0.298256256197
61	36	0.262196389577
61	37	0.298397467312
61	38	0.0732555191475
61	39	0.0
61	40	0.0397434142658
61	41	0.310276900789
61	42	0.101483721089
61	43	0.162353292298
61	44	0.214859135549
61	45	0.176076922141
61	46	0.252243941655
61	47	0.0696294593704
61	48	0.102399649471
61	49	0.169231721542
61	50	0.219635783511
61	51	0.119020843122
61	52	0.363395509365
61	53	0.376660920971
61	54	0.287428858734
61	55	0.373558902368
61	56	0.287576656286
61	57	0.0540149231701
61	58	0.250272854719
61	59	0.0962034926469
61	60	0.424754845947
61	61	1.0
61	62	0.296725031856
61	63	0.311907192489
61	64	0.319536987246
61	65	0.310508203044
62	1	0.449051535112
62	2	0.280662234797
62	3	0.333786177768
62	4	0.245706966778
62	5	0.381168657069
62	6	0.210925502545
62	7	0.377952428673
62	8	0.28881533585
62	9	0.510539070238
62	10	0.153855570579
62	11	0.272769326483
62	12	0.210404948017
62	13	0.311798341217
62	14	0.276578773192
62	15	0.235081090055
62	16	0.201932372644
62	17	0.224301915654
62	18	0.42171113544
62	19	0.365012033984
62	20	0.158722982879
62	21	0.120441808039
62	22	0.261687628435
62	23	0.256755314987
62	24	0.43338693616
62	25	0.267671710626
62	26	0.235775377686
62	27	0.1569957691
62	28	0.285583744382
62	29	0.287684502876
62	30	0.269073525456
62	31	0.402330277287
62	32	0.38670981913
62	33	0.181950732142
62	34	0.245057290495
62	35	0.363214437989
62	36	0.405013800151
62	37	0.303647406136
62	38	0.173936841157
62	39	0.185325445304
62	40	0.285271334882
62	41	0.0783337002052
62	42	0.310000570894
62	43	0.27042476601
62	44	0.449310770764
62	45	0.240524668223
62	46	0.179677305914
62	47	0.165327177464
62	48	0.183270283469
62	49	0.199329598402
62	50	0.363459403611
62	51	0.513245103154
62	52	0.438213458294
62	53	0.40699306017
62	54	0.341233454675
62	55	0.2657322411
62	56	0.397709950599
62	57	0.0641261246993
62	58	0.445623694091
62	59	0.172180680883
62	60	0.367548186319
62	61	0.296725031856
62	62	1.0
62	63	0.204751226021
62	64	0.189115772454
62	65	0.199947592675
63	1	0.287635355485
63	2	0.336205457446
63	3	0.297381433343
63	4	0.262690410196
63	5	0.381578672554
63	6	0.424883962076
63	7	0.357325372745
63	8	0.435919778023
63	9	0.380478866596
63	10	0.258109005737
63	11	0.291623339795
63	12	0.190464639303
63	13	0.285143384851
63	14	0.2710547567
63	15	0.295628194501
63	16	0.144289042461
63	17	0.377302592138
63	18	0.25081052525
63	19	0.282496320992
63	20	0.34052722296
63	21	0.371993073117
63	22	0.233092443675
63	23	0.229301752314
63	24	0.46526484405
63	25	0.143446891332
63	26	0.223881369065
63	27	0.167847430313
63	28	0.282858451213
63	29	0.205046309318
63	30	0.338775215429
63	31	0.450869861435
63	32	0.317926825384
63	33	0.245021863032
63	34	0.177466352888
63	35	0.250909909266
63	36	0.423711960022
63	37	0.278763042672
63	38	0.062454626149
63	39	0.134739402983
63	40	0.202818377826
63	41	0.200950337889
63	42	0.21532927653
63	43	0.276436651855
63	44	0.389210432583
63	45	0.17620764362
63	46	0.128064487581
63	47	0.0589182372184
63	48	0.131279747139
63	49	0.361624070437
63	50	0.221046369738
63	51	0.229892725598
63	52	0.336301083168
63	53	0.2905156615
63	54	0.374083712557
63	55	0.251209558437
63	56	0.231319851703
63	57	0.137117137722
63	58	0.328227313167
63	59	0.082019119343
63	60	0.329047565643
63	61	0.311907192489
63	62	0.204751226021
63	63	1.0
63	64	0.199545164236
63	65	0.335997405853
64	1	0.212673704294
64	2	0.406185606379
64	3	0.277783598226
64	4	0.590726644467
64	5	0.141623847268
64	6	0.324447161622
64	7	0.253968733396
64	8	0.244136869224
64	9	0.390871786434
64	10	0.251249691077
64	11	0.648345401556
64	12	0.136485282993
64	13	0.311509099319
64	14	0.421986474776
64	15	0.351943189498
64	16	0.315679276682
64	17	0.637482809143
64	18	0.482434655087
64	19	0.282769755422
64	20	0.316324251523
64	21	0.371910301411
64	22	0.238463000555
64	23	0.557321805007
64	24	0.25481944365
64	25	0.311648026896
64	26	0.504117584756
64	27	0.0
64	28	0.426396539015
64	29	0.291859941743
64	30	0.420069951311
64	31	0.310908542379
64	32	0.48015364946
64	33	0.472931775714
64	34	0.293355881094
64	35	0.504744634911
64	36	0.282084552744
64	37	0.463444498001
64	38	0.321917938773
64	39	0.228934593804
64	40	0.106111330529
64	41	0.440727357606
64	42	0.296211428481
64	43	0.258767041577
64	44	0.224427644475
64	45	0.357312900055
64	46	0.487360565879
64	47	0.275177232009
64	48	0.299058443212
64	49	0.250202824462
64	50	0.525057427741
64	51	0.100682645881
64	52	0.137876698716
64	53	0.0915557861736
64	54	0.436634618011
64	55	0.488170205784
64	56	0.378522635607
64	57	0.332061682118
64	58	0.231853940616
64	59	0.404138306272
64	60	0.134849442809
64	61	0.319536987246
64	62	0.189115772454
64	63	0.199545164236
64	64	1.0
64	65	0.359253097689
65	1	0.472465858521
65	2	0.297244658736
65	3	0.296716719748
65	4	0.507533694442
65	5	0.246361894673
65	6	0.432682062134
65	7	0.182621199749
65	8	0.276113155425
65	9	0.323421843536
65	10	0.150669602673
65	11	0.374795950083
65	12	0.0618143947576
65	13	0.285240110045
65	14	0.182824770353
65	15	0.189194002987
65	16	0.118650511926
65	17	0.439314356745
65	18	0.389724159878
65	19	0.287457345939
65	20	0.217610712083
65	21	0.379405381255
65	22	0.121877006228
65	23	0.232796215511
65	24	0.331015584712
65	25	0.196596669209
65	26	0.479669379998
65	27	0.461234326373
65	28	0.294619887267
65	29	0.144576348533
65	30	0.378679797554
65	31	0.362486805064
65	32	0.451381809002
65	33	0.26727447451
65	34	0.259181381657
65	35	0.333949889231
65	36	0.458326608448
65	37	0.437979140614
65	38	0.102201023916
65	39	0.136115860661
65	40	0.283395618411
65	41	0.253148290677
65	42	0.318561874046
65	43	0.36240650047
65	44	0.446004375277
65	45	0.222084340883
65	46	0.316721940851
65	47	0.145713294886
65	48	0.0357152237346
65	49	0.25376256877
65	50	0.277693691425
65	51	0.403744625856
65	52	0.355249098204
65	53	0.118032313588
65	54	0.276232239773
65	55	0.384443184761
65	56	0.266366719142
65	57	0.150715755454
65	58	0.324697585968
65	59	0.100662334735
65	60	0.191984208342
65	61	0.310508203044
65	62	0.199947592675
65	63	0.335997405853
65	64	0.359253097689
65	65	1.0
