1	1	1.0
1	2	0.2
1	3	0.8
1	4	0.4
1	5	0.4
1	6	0.4
1	7	0
1	8	0.6
1	9	0.8
1	10	0.8
1	11	0
1	12	0.2
1	13	0.2
1	14	1.0
1	15	0.6
1	16	0.2
1	17	0.4
1	18	0.6
1	19	0.8
1	20	0.4
1	21	0.4
1	22	0.8
1	23	0.2
1	24	0.6
1	25	0.4
1	26	0.4
1	27	0.4
1	28	0.6
1	29	0.2
1	30	0.8
1	31	1.0
1	32	1.0
1	33	1.0
1	34	0.4
1	35	0.8
1	36	0.8
1	37	0.8
1	38	0.4
1	39	0.4
1	40	0.4
1	41	0.6
1	42	0.4
1	43	0.2
1	44	0.4
1	45	0
1	46	0.4
1	47	0.4
1	48	0.4
1	49	0.4
1	50	0.6
1	51	0.8
1	52	0.4
1	53	0.8
1	54	0.4
1	55	0.6
1	56	0.6
1	57	0.4
1	58	0.8
1	59	0.4
1	60	0.4
1	61	0.4
1	62	0.4
1	63	0.4
1	64	0.2
1	65	0.6
2	1	0.2
2	2	1.0
2	3	0
2	4	0.8
2	5	0.8
2	6	0.8
2	7	0
2	8	0.6
2	9	0
2	10	0
2	11	0
2	12	1.0
2	13	1.0
2	14	0.2
2	15	0.6
2	16	1.0
2	17	0.8
2	18	0.6
2	19	0
2	20	0.8
2	21	0.8
2	22	0
2	23	0
2	24	0.6
2	25	0.8
2	26	0.8
2	27	0.8
2	28	0.6
2	29	1.0
2	30	0
2	31	0.2
2	32	0.2
2	33	0.2
2	34	0.8
2	35	0.4
2	36	0
2	37	0.4
2	38	0.8
2	39	0.8
2	40	0.8
2	41	0.6
2	42	0.8
2	43	0
2	44	0.8
2	45	0
2	46	0.8
2	47	0.8
2	48	0.8
2	49	0.8
2	50	0.6
2	51	0
2	52	0.8
2	53	0
2	54	0.8
2	55	0.6
2	56	0.6
2	57	0.8
2	58	0
2	59	0.8
2	60	0.8
2	61	0.8
2	62	0.8
2	63	0.8
2	64	0
2	65	0.6
3	1	0.8
3	2	0
3	3	1.0
3	4	0.2
3	5	0.2
3	6	0.2
3	7	0
3	8	0.4
3	9	1.0
3	10	1.0
3	11	0
3	12	0
3	13	0
3	14	0.8
3	15	0.4
3	16	0
3	17	0.2
3	18	0.4
3	19	1.0
3	20	0.2
3	21	0.2
3	22	1.0
3	23	0.4
3	24	0.4
3	25	0.2
3	26	0.2
3	27	0.2
3	28	0.4
3	29	0
3	30	1.0
3	31	0.8
3	32	0.8
3	33	0.8
3	34	0.2
3	35	0.6
3	36	1.0
3	37	0.6
3	38	0.2
3	39	0.2
3	40	0.2
3	41	0.4
3	42	0.2
3	43	0.4
3	44	0.2
3	45	0
3	46	0.2
3	47	0.2
3	48	0.2
3	49	0.2
3	50	0.4
3	51	1.0
3	52	0.2
3	53	1.0
3	54	0.2
3	55	0.4
3	56	0.4
3	57	0.2
3	58	1.0
3	59	0.2
3	60	0.2
3	61	0.2
3	62	0.2
3	63	0.2
3	64	0.4
3	65	0.4
4	1	0.4
4	2	0.8
4	3	0.2
4	4	1.0
4	5	1.0
4	6	1.0
4	7	0
4	8	0.8
4	9	0.2
4	10	0.2
4	11	0
4	12	0.8
4	13	0.8
4	14	0.4
4	15	0.8
4	16	0.8
4	17	1.0
4	18	0.8
4	19	0.2
4	20	1.0
4	21	1.0
4	22	0.2
4	23	0
4	24	0.8
4	25	1.0
4	26	1.0
4	27	1.0
4	28	0.8
4	29	0.8
4	30	0.2
4	31	0.4
4	32	0.4
4	33	0.4
4	34	1.0
4	35	0.6
4	36	0.2
4	37	0.6
4	38	1.0
4	39	1.0
4	40	1.0
4	41	0.8
4	42	1.0
4	43	0
4	44	1.0
4	45	0
4	46	1.0
4	47	1.0
4	48	1.0
4	49	1.0
4	50	0.8
4	51	0.2
4	52	1.0
4	53	0.2
4	54	1.0
4	55	0.8
4	56	0.8
4	57	1.0
4	58	0.2
4	59	1.0
4	60	1.0
4	61	1.0
4	62	1.0
4	63	1.0
4	64	0
4	65	0.8
5	1	0.4
5	2	0.8
5	3	0.2
5	4	1.0
5	5	1.0
5	6	1.0
5	7	0
5	8	0.8
5	9	0.2
5	10	0.2
5	11	0
5	12	0.8
5	13	0.8
5	14	0.4
5	15	0.8
5	16	0.8
5	17	1.0
5	18	0.8
5	19	0.2
5	20	1.0
5	21	1.0
5	22	0.2
5	23	0
5	24	0.8
5	25	1.0
5	26	1.0
5	27	1.0
5	28	0.8
5	29	0.8
5	30	0.2
5	31	0.4
5	32	0.4
5	33	0.4
5	34	1.0
5	35	0.6
5	36	0.2
5	37	0.6
5	38	1.0
5	39	1.0
5	40	1.0
5	41	0.8
5	42	1.0
5	43	0
5	44	1.0
5	45	0
5	46	1.0
5	47	1.0
5	48	1.0
5	49	1.0
5	50	0.8
5	51	0.2
5	52	1.0
5	53	0.2
5	54	1.0
5	55	0.8
5	56	0.8
5	57	1.0
5	58	0.2
5	59	1.0
5	60	1.0
5	61	1.0
5	62	1.0
5	63	1.0
5	64	0
5	65	0.8
6	1	0.4
6	2	0.8
6	3	0.2
6	4	1.0
6	5	1.0
6	6	1.0
6	7	0
6	8	0.8
6	9	0.2
6	10	0.2
6	11	0
6	12	0.8
6	13	0.8
6	14	0.4
6	15	0.8
6	16	0.8
6	17	1.0
6	18	0.8
6	19	0.2
6	20	1.0
6	21	1.0
6	22	0.2
6	23	0
6	24	0.8
6	25	1.0
6	26	1.0
6	27	1.0
6	28	0.8
6	29	0.8
6	30	0.2
6	31	0.4
6	32	0.4
6	33	0.4
6	34	1.0
6	35	0.6
6	36	0.2
6	37	0.6
6	38	1.0
6	39	1.0
6	40	1.0
6	41	0.8
6	42	1.0
6	43	0
6	44	1.0
6	45	0
6	46	1.0
6	47	1.0
6	48	1.0
6	49	1.0
6	50	0.8
6	51	0.2
6	52	1.0
6	53	0.2
6	54	1.0
6	55	0.8
6	56	0.8
6	57	1.0
6	58	0.2
6	59	1.0
6	60	1.0
6	61	1.0
6	62	1.0
6	63	1.0
6	64	0
6	65	0.8
7	1	0
7	2	0
7	3	0
7	4	0
7	5	0
7	6	0
7	7	1.0
7	8	0
7	9	0
7	10	0
7	11	1.0
7	12	0
7	13	0
7	14	0
7	15	0
7	16	0
7	17	0
7	18	0
7	19	0
7	20	0
7	21	0
7	22	0
7	23	0
7	24	0
7	25	0
7	26	0
7	27	0
7	28	0
7	29	0
7	30	0
7	31	0
7	32	0
7	33	0
7	34	0
7	35	0
7	36	0
7	37	0
7	38	0
7	39	0
7	40	0
7	41	0
7	42	0
7	43	0
7	44	0
7	45	1.0
7	46	0
7	47	0
7	48	0
7	49	0
7	50	0
7	51	0
7	52	0
7	53	0
7	54	0
7	55	0
7	56	0
7	57	0
7	58	0
7	59	0
7	60	0
7	61	0
7	62	0
7	63	0
7	64	0
7	65	0
8	1	0.6
8	2	0.6
8	3	0.4
8	4	0.8
8	5	0.8
8	6	0.8
8	7	0
8	8	1.0
8	9	0.4
8	10	0.4
8	11	0
8	12	0.6
8	13	0.6
8	14	0.6
8	15	1.0
8	16	0.6
8	17	0.8
8	18	1.0
8	19	0.4
8	20	0.8
8	21	0.8
8	22	0.4
8	23	0
8	24	1.0
8	25	0.8
8	26	0.8
8	27	0.8
8	28	1.0
8	29	0.6
8	30	0.4
8	31	0.6
8	32	0.6
8	33	0.6
8	34	0.8
8	35	0.8
8	36	0.4
8	37	0.8
8	38	0.8
8	39	0.8
8	40	0.8
8	41	1.0
8	42	0.8
8	43	0
8	44	0.8
8	45	0
8	46	0.8
8	47	0.8
8	48	0.8
8	49	0.8
8	50	1.0
8	51	0.4
8	52	0.8
8	53	0.4
8	54	0.8
8	55	1.0
8	56	1.0
8	57	0.8
8	58	0.4
8	59	0.8
8	60	0.8
8	61	0.8
8	62	0.8
8	63	0.8
8	64	0
8	65	1.0
9	1	0.8
9	2	0
9	3	1.0
9	4	0.2
9	5	0.2
9	6	0.2
9	7	0
9	8	0.4
9	9	1.0
9	10	1.0
9	11	0
9	12	0
9	13	0
9	14	0.8
9	15	0.4
9	16	0
9	17	0.2
9	18	0.4
9	19	1.0
9	20	0.2
9	21	0.2
9	22	1.0
9	23	0.4
9	24	0.4
9	25	0.2
9	26	0.2
9	27	0.2
9	28	0.4
9	29	0
9	30	1.0
9	31	0.8
9	32	0.8
9	33	0.8
9	34	0.2
9	35	0.6
9	36	1.0
9	37	0.6
9	38	0.2
9	39	0.2
9	40	0.2
9	41	0.4
9	42	0.2
9	43	0.4
9	44	0.2
9	45	0
9	46	0.2
9	47	0.2
9	48	0.2
9	49	0.2
9	50	0.4
9	51	1.0
9	52	0.2
9	53	1.0
9	54	0.2
9	55	0.4
9	56	0.4
9	57	0.2
9	58	1.0
9	59	0.2
9	60	0.2
9	61	0.2
9	62	0.2
9	63	0.2
9	64	0.4
9	65	0.4
10	1	0.8
10	2	0
10	3	1.0
10	4	0.2
10	5	0.2
10	6	0.2
10	7	0
10	8	0.4
10	9	1.0
10	10	1.0
10	11	0
10	12	0
10	13	0
10	14	0.8
10	15	0.4
10	16	0
10	17	0.2
10	18	0.4
10	19	1.0
10	20	0.2
10	21	0.2
10	22	1.0
10	23	0.4
10	24	0.4
10	25	0.2
10	26	0.2
10	27	0.2
10	28	0.4
10	29	0
10	30	1.0
10	31	0.8
10	32	0.8
10	33	0.8
10	34	0.2
10	35	0.6
10	36	1.0
10	37	0.6
10	38	0.2
10	39	0.2
10	40	0.2
10	41	0.4
10	42	0.2
10	43	0.4
10	44	0.2
10	45	0
10	46	0.2
10	47	0.2
10	48	0.2
10	49	0.2
10	50	0.4
10	51	1.0
10	52	0.2
10	53	1.0
10	54	0.2
10	55	0.4
10	56	0.4
10	57	0.2
10	58	1.0
10	59	0.2
10	60	0.2
10	61	0.2
10	62	0.2
10	63	0.2
10	64	0.4
10	65	0.4
11	1	0
11	2	0
11	3	0
11	4	0
11	5	0
11	6	0
11	7	1.0
11	8	0
11	9	0
11	10	0
11	11	1.0
11	12	0
11	13	0
11	14	0
11	15	0
11	16	0
11	17	0
11	18	0
11	19	0
11	20	0
11	21	0
11	22	0
11	23	0
11	24	0
11	25	0
11	26	0
11	27	0
11	28	0
11	29	0
11	30	0
11	31	0
11	32	0
11	33	0
11	34	0
11	35	0
11	36	0
11	37	0
11	38	0
11	39	0
11	40	0
11	41	0
11	42	0
11	43	0
11	44	0
11	45	1.0
11	46	0
11	47	0
11	48	0
11	49	0
11	50	0
11	51	0
11	52	0
11	53	0
11	54	0
11	55	0
11	56	0
11	57	0
11	58	0
11	59	0
11	60	0
11	61	0
11	62	0
11	63	0
11	64	0
11	65	0
12	1	0.2
12	2	1.0
12	3	0
12	4	0.8
12	5	0.8
12	6	0.8
12	7	0
12	8	0.6
12	9	0
12	10	0
12	11	0
12	12	1.0
12	13	1.0
12	14	0.2
12	15	0.6
12	16	1.0
12	17	0.8
12	18	0.6
12	19	0
12	20	0.8
12	21	0.8
12	22	0
12	23	0
12	24	0.6
12	25	0.8
12	26	0.8
12	27	0.8
12	28	0.6
12	29	1.0
12	30	0
12	31	0.2
12	32	0.2
12	33	0.2
12	34	0.8
12	35	0.4
12	36	0
12	37	0.4
12	38	0.8
12	39	0.8
12	40	0.8
12	41	0.6
12	42	0.8
12	43	0
12	44	0.8
12	45	0
12	46	0.8
12	47	0.8
12	48	0.8
12	49	0.8
12	50	0.6
12	51	0
12	52	0.8
12	53	0
12	54	0.8
12	55	0.6
12	56	0.6
12	57	0.8
12	58	0
12	59	0.8
12	60	0.8
12	61	0.8
12	62	0.8
12	63	0.8
12	64	0
12	65	0.6
13	1	0.2
13	2	1.0
13	3	0
13	4	0.8
13	5	0.8
13	6	0.8
13	7	0
13	8	0.6
13	9	0
13	10	0
13	11	0
13	12	1.0
13	13	1.0
13	14	0.2
13	15	0.6
13	16	1.0
13	17	0.8
13	18	0.6
13	19	0
13	20	0.8
13	21	0.8
13	22	0
13	23	0
13	24	0.6
13	25	0.8
13	26	0.8
13	27	0.8
13	28	0.6
13	29	1.0
13	30	0
13	31	0.2
13	32	0.2
13	33	0.2
13	34	0.8
13	35	0.4
13	36	0
13	37	0.4
13	38	0.8
13	39	0.8
13	40	0.8
13	41	0.6
13	42	0.8
13	43	0
13	44	0.8
13	45	0
13	46	0.8
13	47	0.8
13	48	0.8
13	49	0.8
13	50	0.6
13	51	0
13	52	0.8
13	53	0
13	54	0.8
13	55	0.6
13	56	0.6
13	57	0.8
13	58	0
13	59	0.8
13	60	0.8
13	61	0.8
13	62	0.8
13	63	0.8
13	64	0
13	65	0.6
14	1	1.0
14	2	0.2
14	3	0.8
14	4	0.4
14	5	0.4
14	6	0.4
14	7	0
14	8	0.6
14	9	0.8
14	10	0.8
14	11	0
14	12	0.2
14	13	0.2
14	14	1.0
14	15	0.6
14	16	0.2
14	17	0.4
14	18	0.6
14	19	0.8
14	20	0.4
14	21	0.4
14	22	0.8
14	23	0.2
14	24	0.6
14	25	0.4
14	26	0.4
14	27	0.4
14	28	0.6
14	29	0.2
14	30	0.8
14	31	1.0
14	32	1.0
14	33	1.0
14	34	0.4
14	35	0.8
14	36	0.8
14	37	0.8
14	38	0.4
14	39	0.4
14	40	0.4
14	41	0.6
14	42	0.4
14	43	0.2
14	44	0.4
14	45	0
14	46	0.4
14	47	0.4
14	48	0.4
14	49	0.4
14	50	0.6
14	51	0.8
14	52	0.4
14	53	0.8
14	54	0.4
14	55	0.6
14	56	0.6
14	57	0.4
14	58	0.8
14	59	0.4
14	60	0.4
14	61	0.4
14	62	0.4
14	63	0.4
14	64	0.2
14	65	0.6
15	1	0.6
15	2	0.6
15	3	0.4
15	4	0.8
15	5	0.8
15	6	0.8
15	7	0
15	8	1.0
15	9	0.4
15	10	0.4
15	11	0
15	12	0.6
15	13	0.6
15	14	0.6
15	15	1.0
15	16	0.6
15	17	0.8
15	18	1.0
15	19	0.4
15	20	0.8
15	21	0.8
15	22	0.4
15	23	0
15	24	1.0
15	25	0.8
15	26	0.8
15	27	0.8
15	28	1.0
15	29	0.6
15	30	0.4
15	31	0.6
15	32	0.6
15	33	0.6
15	34	0.8
15	35	0.8
15	36	0.4
15	37	0.8
15	38	0.8
15	39	0.8
15	40	0.8
15	41	1.0
15	42	0.8
15	43	0
15	44	0.8
15	45	0
15	46	0.8
15	47	0.8
15	48	0.8
15	49	0.8
15	50	1.0
15	51	0.4
15	52	0.8
15	53	0.4
15	54	0.8
15	55	1.0
15	56	1.0
15	57	0.8
15	58	0.4
15	59	0.8
15	60	0.8
15	61	0.8
15	62	0.8
15	63	0.8
15	64	0
15	65	1.0
16	1	0.2
16	2	1.0
16	3	0
16	4	0.8
16	5	0.8
16	6	0.8
16	7	0
16	8	0.6
16	9	0
16	10	0
16	11	0
16	12	1.0
16	13	1.0
16	14	0.2
16	15	0.6
16	16	1.0
16	17	0.8
16	18	0.6
16	19	0
16	20	0.8
16	21	0.8
16	22	0
16	23	0
16	24	0.6
16	25	0.8
16	26	0.8
16	27	0.8
16	28	0.6
16	29	1.0
16	30	0
16	31	0.2
16	32	0.2
16	33	0.2
16	34	0.8
16	35	0.4
16	36	0
16	37	0.4
16	38	0.8
16	39	0.8
16	40	0.8
16	41	0.6
16	42	0.8
16	43	0
16	44	0.8
16	45	0
16	46	0.8
16	47	0.8
16	48	0.8
16	49	0.8
16	50	0.6
16	51	0
16	52	0.8
16	53	0
16	54	0.8
16	55	0.6
16	56	0.6
16	57	0.8
16	58	0
16	59	0.8
16	60	0.8
16	61	0.8
16	62	0.8
16	63	0.8
16	64	0
16	65	0.6
17	1	0.4
17	2	0.8
17	3	0.2
17	4	1.0
17	5	1.0
17	6	1.0
17	7	0
17	8	0.8
17	9	0.2
17	10	0.2
17	11	0
17	12	0.8
17	13	0.8
17	14	0.4
17	15	0.8
17	16	0.8
17	17	1.0
17	18	0.8
17	19	0.2
17	20	1.0
17	21	1.0
17	22	0.2
17	23	0
17	24	0.8
17	25	1.0
17	26	1.0
17	27	1.0
17	28	0.8
17	29	0.8
17	30	0.2
17	31	0.4
17	32	0.4
17	33	0.4
17	34	1.0
17	35	0.6
17	36	0.2
17	37	0.6
17	38	1.0
17	39	1.0
17	40	1.0
17	41	0.8
17	42	1.0
17	43	0
17	44	1.0
17	45	0
17	46	1.0
17	47	1.0
17	48	1.0
17	49	1.0
17	50	0.8
17	51	0.2
17	52	1.0
17	53	0.2
17	54	1.0
17	55	0.8
17	56	0.8
17	57	1.0
17	58	0.2
17	59	1.0
17	60	1.0
17	61	1.0
17	62	1.0
17	63	1.0
17	64	0
17	65	0.8
18	1	0.6
18	2	0.6
18	3	0.4
18	4	0.8
18	5	0.8
18	6	0.8
18	7	0
18	8	1.0
18	9	0.4
18	10	0.4
18	11	0
18	12	0.6
18	13	0.6
18	14	0.6
18	15	1.0
18	16	0.6
18	17	0.8
18	18	1.0
18	19	0.4
18	20	0.8
18	21	0.8
18	22	0.4
18	23	0
18	24	1.0
18	25	0.8
18	26	0.8
18	27	0.8
18	28	1.0
18	29	0.6
18	30	0.4
18	31	0.6
18	32	0.6
18	33	0.6
18	34	0.8
18	35	0.8
18	36	0.4
18	37	0.8
18	38	0.8
18	39	0.8
18	40	0.8
18	41	1.0
18	42	0.8
18	43	0
18	44	0.8
18	45	0
18	46	0.8
18	47	0.8
18	48	0.8
18	49	0.8
18	50	1.0
18	51	0.4
18	52	0.8
18	53	0.4
18	54	0.8
18	55	1.0
18	56	1.0
18	57	0.8
18	58	0.4
18	59	0.8
18	60	0.8
18	61	0.8
18	62	0.8
18	63	0.8
18	64	0
18	65	1.0
19	1	0.8
19	2	0
19	3	1.0
19	4	0.2
19	5	0.2
19	6	0.2
19	7	0
19	8	0.4
19	9	1.0
19	10	1.0
19	11	0
19	12	0
19	13	0
19	14	0.8
19	15	0.4
19	16	0
19	17	0.2
19	18	0.4
19	19	1.0
19	20	0.2
19	21	0.2
19	22	1.0
19	23	0.4
19	24	0.4
19	25	0.2
19	26	0.2
19	27	0.2
19	28	0.4
19	29	0
19	30	1.0
19	31	0.8
19	32	0.8
19	33	0.8
19	34	0.2
19	35	0.6
19	36	1.0
19	37	0.6
19	38	0.2
19	39	0.2
19	40	0.2
19	41	0.4
19	42	0.2
19	43	0.4
19	44	0.2
19	45	0
19	46	0.2
19	47	0.2
19	48	0.2
19	49	0.2
19	50	0.4
19	51	1.0
19	52	0.2
19	53	1.0
19	54	0.2
19	55	0.4
19	56	0.4
19	57	0.2
19	58	1.0
19	59	0.2
19	60	0.2
19	61	0.2
19	62	0.2
19	63	0.2
19	64	0.4
19	65	0.4
20	1	0.4
20	2	0.8
20	3	0.2
20	4	1.0
20	5	1.0
20	6	1.0
20	7	0
20	8	0.8
20	9	0.2
20	10	0.2
20	11	0
20	12	0.8
20	13	0.8
20	14	0.4
20	15	0.8
20	16	0.8
20	17	1.0
20	18	0.8
20	19	0.2
20	20	1.0
20	21	1.0
20	22	0.2
20	23	0
20	24	0.8
20	25	1.0
20	26	1.0
20	27	1.0
20	28	0.8
20	29	0.8
20	30	0.2
20	31	0.4
20	32	0.4
20	33	0.4
20	34	1.0
20	35	0.6
20	36	0.2
20	37	0.6
20	38	1.0
20	39	1.0
20	40	1.0
20	41	0.8
20	42	1.0
20	43	0
20	44	1.0
20	45	0
20	46	1.0
20	47	1.0
20	48	1.0
20	49	1.0
20	50	0.8
20	51	0.2
20	52	1.0
20	53	0.2
20	54	1.0
20	55	0.8
20	56	0.8
20	57	1.0
20	58	0.2
20	59	1.0
20	60	1.0
20	61	1.0
20	62	1.0
20	63	1.0
20	64	0
20	65	0.8
21	1	0.4
21	2	0.8
21	3	0.2
21	4	1.0
21	5	1.0
21	6	1.0
21	7	0
21	8	0.8
21	9	0.2
21	10	0.2
21	11	0
21	12	0.8
21	13	0.8
21	14	0.4
21	15	0.8
21	16	0.8
21	17	1.0
21	18	0.8
21	19	0.2
21	20	1.0
21	21	1.0
21	22	0.2
21	23	0
21	24	0.8
21	25	1.0
21	26	1.0
21	27	1.0
21	28	0.8
21	29	0.8
21	30	0.2
21	31	0.4
21	32	0.4
21	33	0.4
21	34	1.0
21	35	0.6
21	36	0.2
21	37	0.6
21	38	1.0
21	39	1.0
21	40	1.0
21	41	0.8
21	42	1.0
21	43	0
21	44	1.0
21	45	0
21	46	1.0
21	47	1.0
21	48	1.0
21	49	1.0
21	50	0.8
21	51	0.2
21	52	1.0
21	53	0.2
21	54	1.0
21	55	0.8
21	56	0.8
21	57	1.0
21	58	0.2
21	59	1.0
21	60	1.0
21	61	1.0
21	62	1.0
21	63	1.0
21	64	0
21	65	0.8
22	1	0.8
22	2	0
22	3	1.0
22	4	0.2
22	5	0.2
22	6	0.2
22	7	0
22	8	0.4
22	9	1.0
22	10	1.0
22	11	0
22	12	0
22	13	0
22	14	0.8
22	15	0.4
22	16	0
22	17	0.2
22	18	0.4
22	19	1.0
22	20	0.2
22	21	0.2
22	22	1.0
22	23	0.4
22	24	0.4
22	25	0.2
22	26	0.2
22	27	0.2
22	28	0.4
22	29	0
22	30	1.0
22	31	0.8
22	32	0.8
22	33	0.8
22	34	0.2
22	35	0.6
22	36	1.0
22	37	0.6
22	38	0.2
22	39	0.2
22	40	0.2
22	41	0.4
22	42	0.2
22	43	0.4
22	44	0.2
22	45	0
22	46	0.2
22	47	0.2
22	48	0.2
22	49	0.2
22	50	0.4
22	51	1.0
22	52	0.2
22	53	1.0
22	54	0.2
22	55	0.4
22	56	0.4
22	57	0.2
22	58	1.0
22	59	0.2
22	60	0.2
22	61	0.2
22	62	0.2
22	63	0.2
22	64	0.4
22	65	0.4
23	1	0.2
23	2	0
23	3	0.4
23	4	0
23	5	0
23	6	0
23	7	0
23	8	0
23	9	0.4
23	10	0.4
23	11	0
23	12	0
23	13	0
23	14	0.2
23	15	0
23	16	0
23	17	0
23	18	0
23	19	0.4
23	20	0
23	21	0
23	22	0.4
23	23	1.0
23	24	0
23	25	0
23	26	0
23	27	0
23	28	0
23	29	0
23	30	0.4
23	31	0.2
23	32	0.2
23	33	0.2
23	34	0
23	35	0
23	36	0.4
23	37	0
23	38	0
23	39	0
23	40	0
23	41	0
23	42	0
23	43	1.0
23	44	0
23	45	0
23	46	0
23	47	0
23	48	0
23	49	0
23	50	0
23	51	0.4
23	52	0
23	53	0.4
23	54	0
23	55	0
23	56	0
23	57	0
23	58	0.4
23	59	0
23	60	0
23	61	0
23	62	0
23	63	0
23	64	1.0
23	65	0
24	1	0.6
24	2	0.6
24	3	0.4
24	4	0.8
24	5	0.8
24	6	0.8
24	7	0
24	8	1.0
24	9	0.4
24	10	0.4
24	11	0
24	12	0.6
24	13	0.6
24	14	0.6
24	15	1.0
24	16	0.6
24	17	0.8
24	18	1.0
24	19	0.4
24	20	0.8
24	21	0.8
24	22	0.4
24	23	0
24	24	1.0
24	25	0.8
24	26	0.8
24	27	0.8
24	28	1.0
24	29	0.6
24	30	0.4
24	31	0.6
24	32	0.6
24	33	0.6
24	34	0.8
24	35	0.8
24	36	0.4
24	37	0.8
24	38	0.8
24	39	0.8
24	40	0.8
24	41	1.0
24	42	0.8
24	43	0
24	44	0.8
24	45	0
24	46	0.8
24	47	0.8
24	48	0.8
24	49	0.8
24	50	1.0
24	51	0.4
24	52	0.8
24	53	0.4
24	54	0.8
24	55	1.0
24	56	1.0
24	57	0.8
24	58	0.4
24	59	0.8
24	60	0.8
24	61	0.8
24	62	0.8
24	63	0.8
24	64	0
24	65	1.0
25	1	0.4
25	2	0.8
25	3	0.2
25	4	1.0
25	5	1.0
25	6	1.0
25	7	0
25	8	0.8
25	9	0.2
25	10	0.2
25	11	0
25	12	0.8
25	13	0.8
25	14	0.4
25	15	0.8
25	16	0.8
25	17	1.0
25	18	0.8
25	19	0.2
25	20	1.0
25	21	1.0
25	22	0.2
25	23	0
25	24	0.8
25	25	1.0
25	26	1.0
25	27	1.0
25	28	0.8
25	29	0.8
25	30	0.2
25	31	0.4
25	32	0.4
25	33	0.4
25	34	1.0
25	35	0.6
25	36	0.2
25	37	0.6
25	38	1.0
25	39	1.0
25	40	1.0
25	41	0.8
25	42	1.0
25	43	0
25	44	1.0
25	45	0
25	46	1.0
25	47	1.0
25	48	1.0
25	49	1.0
25	50	0.8
25	51	0.2
25	52	1.0
25	53	0.2
25	54	1.0
25	55	0.8
25	56	0.8
25	57	1.0
25	58	0.2
25	59	1.0
25	60	1.0
25	61	1.0
25	62	1.0
25	63	1.0
25	64	0
25	65	0.8
26	1	0.4
26	2	0.8
26	3	0.2
26	4	1.0
26	5	1.0
26	6	1.0
26	7	0
26	8	0.8
26	9	0.2
26	10	0.2
26	11	0
26	12	0.8
26	13	0.8
26	14	0.4
26	15	0.8
26	16	0.8
26	17	1.0
26	18	0.8
26	19	0.2
26	20	1.0
26	21	1.0
26	22	0.2
26	23	0
26	24	0.8
26	25	1.0
26	26	1.0
26	27	1.0
26	28	0.8
26	29	0.8
26	30	0.2
26	31	0.4
26	32	0.4
26	33	0.4
26	34	1.0
26	35	0.6
26	36	0.2
26	37	0.6
26	38	1.0
26	39	1.0
26	40	1.0
26	41	0.8
26	42	1.0
26	43	0
26	44	1.0
26	45	0
26	46	1.0
26	47	1.0
26	48	1.0
26	49	1.0
26	50	0.8
26	51	0.2
26	52	1.0
26	53	0.2
26	54	1.0
26	55	0.8
26	56	0.8
26	57	1.0
26	58	0.2
26	59	1.0
26	60	1.0
26	61	1.0
26	62	1.0
26	63	1.0
26	64	0
26	65	0.8
27	1	0.4
27	2	0.8
27	3	0.2
27	4	1.0
27	5	1.0
27	6	1.0
27	7	0
27	8	0.8
27	9	0.2
27	10	0.2
27	11	0
27	12	0.8
27	13	0.8
27	14	0.4
27	15	0.8
27	16	0.8
27	17	1.0
27	18	0.8
27	19	0.2
27	20	1.0
27	21	1.0
27	22	0.2
27	23	0
27	24	0.8
27	25	1.0
27	26	1.0
27	27	1.0
27	28	0.8
27	29	0.8
27	30	0.2
27	31	0.4
27	32	0.4
27	33	0.4
27	34	1.0
27	35	0.6
27	36	0.2
27	37	0.6
27	38	1.0
27	39	1.0
27	40	1.0
27	41	0.8
27	42	1.0
27	43	0
27	44	1.0
27	45	0
27	46	1.0
27	47	1.0
27	48	1.0
27	49	1.0
27	50	0.8
27	51	0.2
27	52	1.0
27	53	0.2
27	54	1.0
27	55	0.8
27	56	0.8
27	57	1.0
27	58	0.2
27	59	1.0
27	60	1.0
27	61	1.0
27	62	1.0
27	63	1.0
27	64	0
27	65	0.8
28	1	0.6
28	2	0.6
28	3	0.4
28	4	0.8
28	5	0.8
28	6	0.8
28	7	0
28	8	1.0
28	9	0.4
28	10	0.4
28	11	0
28	12	0.6
28	13	0.6
28	14	0.6
28	15	1.0
28	16	0.6
28	17	0.8
28	18	1.0
28	19	0.4
28	20	0.8
28	21	0.8
28	22	0.4
28	23	0
28	24	1.0
28	25	0.8
28	26	0.8
28	27	0.8
28	28	1.0
28	29	0.6
28	30	0.4
28	31	0.6
28	32	0.6
28	33	0.6
28	34	0.8
28	35	0.8
28	36	0.4
28	37	0.8
28	38	0.8
28	39	0.8
28	40	0.8
28	41	1.0
28	42	0.8
28	43	0
28	44	0.8
28	45	0
28	46	0.8
28	47	0.8
28	48	0.8
28	49	0.8
28	50	1.0
28	51	0.4
28	52	0.8
28	53	0.4
28	54	0.8
28	55	1.0
28	56	1.0
28	57	0.8
28	58	0.4
28	59	0.8
28	60	0.8
28	61	0.8
28	62	0.8
28	63	0.8
28	64	0
28	65	1.0
29	1	0.2
29	2	1.0
29	3	0
29	4	0.8
29	5	0.8
29	6	0.8
29	7	0
29	8	0.6
29	9	0
29	10	0
29	11	0
29	12	1.0
29	13	1.0
29	14	0.2
29	15	0.6
29	16	1.0
29	17	0.8
29	18	0.6
29	19	0
29	20	0.8
29	21	0.8
29	22	0
29	23	0
29	24	0.6
29	25	0.8
29	26	0.8
29	27	0.8
29	28	0.6
29	29	1.0
29	30	0
29	31	0.2
29	32	0.2
29	33	0.2
29	34	0.8
29	35	0.4
29	36	0
29	37	0.4
29	38	0.8
29	39	0.8
29	40	0.8
29	41	0.6
29	42	0.8
29	43	0
29	44	0.8
29	45	0
29	46	0.8
29	47	0.8
29	48	0.8
29	49	0.8
29	50	0.6
29	51	0
29	52	0.8
29	53	0
29	54	0.8
29	55	0.6
29	56	0.6
29	57	0.8
29	58	0
29	59	0.8
29	60	0.8
29	61	0.8
29	62	0.8
29	63	0.8
29	64	0
29	65	0.6
30	1	0.8
30	2	0
30	3	1.0
30	4	0.2
30	5	0.2
30	6	0.2
30	7	0
30	8	0.4
30	9	1.0
30	10	1.0
30	11	0
30	12	0
30	13	0
30	14	0.8
30	15	0.4
30	16	0
30	17	0.2
30	18	0.4
30	19	1.0
30	20	0.2
30	21	0.2
30	22	1.0
30	23	0.4
30	24	0.4
30	25	0.2
30	26	0.2
30	27	0.2
30	28	0.4
30	29	0
30	30	1.0
30	31	0.8
30	32	0.8
30	33	0.8
30	34	0.2
30	35	0.6
30	36	1.0
30	37	0.6
30	38	0.2
30	39	0.2
30	40	0.2
30	41	0.4
30	42	0.2
30	43	0.4
30	44	0.2
30	45	0
30	46	0.2
30	47	0.2
30	48	0.2
30	49	0.2
30	50	0.4
30	51	1.0
30	52	0.2
30	53	1.0
30	54	0.2
30	55	0.4
30	56	0.4
30	57	0.2
30	58	1.0
30	59	0.2
30	60	0.2
30	61	0.2
30	62	0.2
30	63	0.2
30	64	0.4
30	65	0.4
31	1	1.0
31	2	0.2
31	3	0.8
31	4	0.4
31	5	0.4
31	6	0.4
31	7	0
31	8	0.6
31	9	0.8
31	10	0.8
31	11	0
31	12	0.2
31	13	0.2
31	14	1.0
31	15	0.6
31	16	0.2
31	17	0.4
31	18	0.6
31	19	0.8
31	20	0.4
31	21	0.4
31	22	0.8
31	23	0.2
31	24	0.6
31	25	0.4
31	26	0.4
31	27	0.4
31	28	0.6
31	29	0.2
31	30	0.8
31	31	1.0
31	32	1.0
31	33	1.0
31	34	0.4
31	35	0.8
31	36	0.8
31	37	0.8
31	38	0.4
31	39	0.4
31	40	0.4
31	41	0.6
31	42	0.4
31	43	0.2
31	44	0.4
31	45	0
31	46	0.4
31	47	0.4
31	48	0.4
31	49	0.4
31	50	0.6
31	51	0.8
31	52	0.4
31	53	0.8
31	54	0.4
31	55	0.6
31	56	0.6
31	57	0.4
31	58	0.8
31	59	0.4
31	60	0.4
31	61	0.4
31	62	0.4
31	63	0.4
31	64	0.2
31	65	0.6
32	1	1.0
32	2	0.2
32	3	0.8
32	4	0.4
32	5	0.4
32	6	0.4
32	7	0
32	8	0.6
32	9	0.8
32	10	0.8
32	11	0
32	12	0.2
32	13	0.2
32	14	1.0
32	15	0.6
32	16	0.2
32	17	0.4
32	18	0.6
32	19	0.8
32	20	0.4
32	21	0.4
32	22	0.8
32	23	0.2
32	24	0.6
32	25	0.4
32	26	0.4
32	27	0.4
32	28	0.6
32	29	0.2
32	30	0.8
32	31	1.0
32	32	1.0
32	33	1.0
32	34	0.4
32	35	0.8
32	36	0.8
32	37	0.8
32	38	0.4
32	39	0.4
32	40	0.4
32	41	0.6
32	42	0.4
32	43	0.2
32	44	0.4
32	45	0
32	46	0.4
32	47	0.4
32	48	0.4
32	49	0.4
32	50	0.6
32	51	0.8
32	52	0.4
32	53	0.8
32	54	0.4
32	55	0.6
32	56	0.6
32	57	0.4
32	58	0.8
32	59	0.4
32	60	0.4
32	61	0.4
32	62	0.4
32	63	0.4
32	64	0.2
32	65	0.6
33	1	1.0
33	2	0.2
33	3	0.8
33	4	0.4
33	5	0.4
33	6	0.4
33	7	0
33	8	0.6
33	9	0.8
33	10	0.8
33	11	0
33	12	0.2
33	13	0.2
33	14	1.0
33	15	0.6
33	16	0.2
33	17	0.4
33	18	0.6
33	19	0.8
33	20	0.4
33	21	0.4
33	22	0.8
33	23	0.2
33	24	0.6
33	25	0.4
33	26	0.4
33	27	0.4
33	28	0.6
33	29	0.2
33	30	0.8
33	31	1.0
33	32	1.0
33	33	1.0
33	34	0.4
33	35	0.8
33	36	0.8
33	37	0.8
33	38	0.4
33	39	0.4
33	40	0.4
33	41	0.6
33	42	0.4
33	43	0.2
33	44	0.4
33	45	0
33	46	0.4
33	47	0.4
33	48	0.4
33	49	0.4
33	50	0.6
33	51	0.8
33	52	0.4
33	53	0.8
33	54	0.4
33	55	0.6
33	56	0.6
33	57	0.4
33	58	0.8
33	59	0.4
33	60	0.4
33	61	0.4
33	62	0.4
33	63	0.4
33	64	0.2
33	65	0.6
34	1	0.4
34	2	0.8
34	3	0.2
34	4	1.0
34	5	1.0
34	6	1.0
34	7	0
34	8	0.8
34	9	0.2
34	10	0.2
34	11	0
34	12	0.8
34	13	0.8
34	14	0.4
34	15	0.8
34	16	0.8
34	17	1.0
34	18	0.8
34	19	0.2
34	20	1.0
34	21	1.0
34	22	0.2
34	23	0
34	24	0.8
34	25	1.0
34	26	1.0
34	27	1.0
34	28	0.8
34	29	0.8
34	30	0.2
34	31	0.4
34	32	0.4
34	33	0.4
34	34	1.0
34	35	0.6
34	36	0.2
34	37	0.6
34	38	1.0
34	39	1.0
34	40	1.0
34	41	0.8
34	42	1.0
34	43	0
34	44	1.0
34	45	0
34	46	1.0
34	47	1.0
34	48	1.0
34	49	1.0
34	50	0.8
34	51	0.2
34	52	1.0
34	53	0.2
34	54	1.0
34	55	0.8
34	56	0.8
34	57	1.0
34	58	0.2
34	59	1.0
34	60	1.0
34	61	1.0
34	62	1.0
34	63	1.0
34	64	0
34	65	0.8
35	1	0.8
35	2	0.4
35	3	0.6
35	4	0.6
35	5	0.6
35	6	0.6
35	7	0
35	8	0.8
35	9	0.6
35	10	0.6
35	11	0
35	12	0.4
35	13	0.4
35	14	0.8
35	15	0.8
35	16	0.4
35	17	0.6
35	18	0.8
35	19	0.6
35	20	0.6
35	21	0.6
35	22	0.6
35	23	0
35	24	0.8
35	25	0.6
35	26	0.6
35	27	0.6
35	28	0.8
35	29	0.4
35	30	0.6
35	31	0.8
35	32	0.8
35	33	0.8
35	34	0.6
35	35	1.0
35	36	0.6
35	37	1.0
35	38	0.6
35	39	0.6
35	40	0.6
35	41	0.8
35	42	0.6
35	43	0
35	44	0.6
35	45	0
35	46	0.6
35	47	0.6
35	48	0.6
35	49	0.6
35	50	0.8
35	51	0.6
35	52	0.6
35	53	0.6
35	54	0.6
35	55	0.8
35	56	0.8
35	57	0.6
35	58	0.6
35	59	0.6
35	60	0.6
35	61	0.6
35	62	0.6
35	63	0.6
35	64	0
35	65	0.8
36	1	0.8
36	2	0
36	3	1.0
36	4	0.2
36	5	0.2
36	6	0.2
36	7	0
36	8	0.4
36	9	1.0
36	10	1.0
36	11	0
36	12	0
36	13	0
36	14	0.8
36	15	0.4
36	16	0
36	17	0.2
36	18	0.4
36	19	1.0
36	20	0.2
36	21	0.2
36	22	1.0
36	23	0.4
36	24	0.4
36	25	0.2
36	26	0.2
36	27	0.2
36	28	0.4
36	29	0
36	30	1.0
36	31	0.8
36	32	0.8
36	33	0.8
36	34	0.2
36	35	0.6
36	36	1.0
36	37	0.6
36	38	0.2
36	39	0.2
36	40	0.2
36	41	0.4
36	42	0.2
36	43	0.4
36	44	0.2
36	45	0
36	46	0.2
36	47	0.2
36	48	0.2
36	49	0.2
36	50	0.4
36	51	1.0
36	52	0.2
36	53	1.0
36	54	0.2
36	55	0.4
36	56	0.4
36	57	0.2
36	58	1.0
36	59	0.2
36	60	0.2
36	61	0.2
36	62	0.2
36	63	0.2
36	64	0.4
36	65	0.4
37	1	0.8
37	2	0.4
37	3	0.6
37	4	0.6
37	5	0.6
37	6	0.6
37	7	0
37	8	0.8
37	9	0.6
37	10	0.6
37	11	0
37	12	0.4
37	13	0.4
37	14	0.8
37	15	0.8
37	16	0.4
37	17	0.6
37	18	0.8
37	19	0.6
37	20	0.6
37	21	0.6
37	22	0.6
37	23	0
37	24	0.8
37	25	0.6
37	26	0.6
37	27	0.6
37	28	0.8
37	29	0.4
37	30	0.6
37	31	0.8
37	32	0.8
37	33	0.8
37	34	0.6
37	35	1.0
37	36	0.6
37	37	1.0
37	38	0.6
37	39	0.6
37	40	0.6
37	41	0.8
37	42	0.6
37	43	0
37	44	0.6
37	45	0
37	46	0.6
37	47	0.6
37	48	0.6
37	49	0.6
37	50	0.8
37	51	0.6
37	52	0.6
37	53	0.6
37	54	0.6
37	55	0.8
37	56	0.8
37	57	0.6
37	58	0.6
37	59	0.6
37	60	0.6
37	61	0.6
37	62	0.6
37	63	0.6
37	64	0
37	65	0.8
38	1	0.4
38	2	0.8
38	3	0.2
38	4	1.0
38	5	1.0
38	6	1.0
38	7	0
38	8	0.8
38	9	0.2
38	10	0.2
38	11	0
38	12	0.8
38	13	0.8
38	14	0.4
38	15	0.8
38	16	0.8
38	17	1.0
38	18	0.8
38	19	0.2
38	20	1.0
38	21	1.0
38	22	0.2
38	23	0
38	24	0.8
38	25	1.0
38	26	1.0
38	27	1.0
38	28	0.8
38	29	0.8
38	30	0.2
38	31	0.4
38	32	0.4
38	33	0.4
38	34	1.0
38	35	0.6
38	36	0.2
38	37	0.6
38	38	1.0
38	39	1.0
38	40	1.0
38	41	0.8
38	42	1.0
38	43	0
38	44	1.0
38	45	0
38	46	1.0
38	47	1.0
38	48	1.0
38	49	1.0
38	50	0.8
38	51	0.2
38	52	1.0
38	53	0.2
38	54	1.0
38	55	0.8
38	56	0.8
38	57	1.0
38	58	0.2
38	59	1.0
38	60	1.0
38	61	1.0
38	62	1.0
38	63	1.0
38	64	0
38	65	0.8
39	1	0.4
39	2	0.8
39	3	0.2
39	4	1.0
39	5	1.0
39	6	1.0
39	7	0
39	8	0.8
39	9	0.2
39	10	0.2
39	11	0
39	12	0.8
39	13	0.8
39	14	0.4
39	15	0.8
39	16	0.8
39	17	1.0
39	18	0.8
39	19	0.2
39	20	1.0
39	21	1.0
39	22	0.2
39	23	0
39	24	0.8
39	25	1.0
39	26	1.0
39	27	1.0
39	28	0.8
39	29	0.8
39	30	0.2
39	31	0.4
39	32	0.4
39	33	0.4
39	34	1.0
39	35	0.6
39	36	0.2
39	37	0.6
39	38	1.0
39	39	1.0
39	40	1.0
39	41	0.8
39	42	1.0
39	43	0
39	44	1.0
39	45	0
39	46	1.0
39	47	1.0
39	48	1.0
39	49	1.0
39	50	0.8
39	51	0.2
39	52	1.0
39	53	0.2
39	54	1.0
39	55	0.8
39	56	0.8
39	57	1.0
39	58	0.2
39	59	1.0
39	60	1.0
39	61	1.0
39	62	1.0
39	63	1.0
39	64	0
39	65	0.8
40	1	0.4
40	2	0.8
40	3	0.2
40	4	1.0
40	5	1.0
40	6	1.0
40	7	0
40	8	0.8
40	9	0.2
40	10	0.2
40	11	0
40	12	0.8
40	13	0.8
40	14	0.4
40	15	0.8
40	16	0.8
40	17	1.0
40	18	0.8
40	19	0.2
40	20	1.0
40	21	1.0
40	22	0.2
40	23	0
40	24	0.8
40	25	1.0
40	26	1.0
40	27	1.0
40	28	0.8
40	29	0.8
40	30	0.2
40	31	0.4
40	32	0.4
40	33	0.4
40	34	1.0
40	35	0.6
40	36	0.2
40	37	0.6
40	38	1.0
40	39	1.0
40	40	1.0
40	41	0.8
40	42	1.0
40	43	0
40	44	1.0
40	45	0
40	46	1.0
40	47	1.0
40	48	1.0
40	49	1.0
40	50	0.8
40	51	0.2
40	52	1.0
40	53	0.2
40	54	1.0
40	55	0.8
40	56	0.8
40	57	1.0
40	58	0.2
40	59	1.0
40	60	1.0
40	61	1.0
40	62	1.0
40	63	1.0
40	64	0
40	65	0.8
41	1	0.6
41	2	0.6
41	3	0.4
41	4	0.8
41	5	0.8
41	6	0.8
41	7	0
41	8	1.0
41	9	0.4
41	10	0.4
41	11	0
41	12	0.6
41	13	0.6
41	14	0.6
41	15	1.0
41	16	0.6
41	17	0.8
41	18	1.0
41	19	0.4
41	20	0.8
41	21	0.8
41	22	0.4
41	23	0
41	24	1.0
41	25	0.8
41	26	0.8
41	27	0.8
41	28	1.0
41	29	0.6
41	30	0.4
41	31	0.6
41	32	0.6
41	33	0.6
41	34	0.8
41	35	0.8
41	36	0.4
41	37	0.8
41	38	0.8
41	39	0.8
41	40	0.8
41	41	1.0
41	42	0.8
41	43	0
41	44	0.8
41	45	0
41	46	0.8
41	47	0.8
41	48	0.8
41	49	0.8
41	50	1.0
41	51	0.4
41	52	0.8
41	53	0.4
41	54	0.8
41	55	1.0
41	56	1.0
41	57	0.8
41	58	0.4
41	59	0.8
41	60	0.8
41	61	0.8
41	62	0.8
41	63	0.8
41	64	0
41	65	1.0
42	1	0.4
42	2	0.8
42	3	0.2
42	4	1.0
42	5	1.0
42	6	1.0
42	7	0
42	8	0.8
42	9	0.2
42	10	0.2
42	11	0
42	12	0.8
42	13	0.8
42	14	0.4
42	15	0.8
42	16	0.8
42	17	1.0
42	18	0.8
42	19	0.2
42	20	1.0
42	21	1.0
42	22	0.2
42	23	0
42	24	0.8
42	25	1.0
42	26	1.0
42	27	1.0
42	28	0.8
42	29	0.8
42	30	0.2
42	31	0.4
42	32	0.4
42	33	0.4
42	34	1.0
42	35	0.6
42	36	0.2
42	37	0.6
42	38	1.0
42	39	1.0
42	40	1.0
42	41	0.8
42	42	1.0
42	43	0
42	44	1.0
42	45	0
42	46	1.0
42	47	1.0
42	48	1.0
42	49	1.0
42	50	0.8
42	51	0.2
42	52	1.0
42	53	0.2
42	54	1.0
42	55	0.8
42	56	0.8
42	57	1.0
42	58	0.2
42	59	1.0
42	60	1.0
42	61	1.0
42	62	1.0
42	63	1.0
42	64	0
42	65	0.8
43	1	0.2
43	2	0
43	3	0.4
43	4	0
43	5	0
43	6	0
43	7	0
43	8	0
43	9	0.4
43	10	0.4
43	11	0
43	12	0
43	13	0
43	14	0.2
43	15	0
43	16	0
43	17	0
43	18	0
43	19	0.4
43	20	0
43	21	0
43	22	0.4
43	23	1.0
43	24	0
43	25	0
43	26	0
43	27	0
43	28	0
43	29	0
43	30	0.4
43	31	0.2
43	32	0.2
43	33	0.2
43	34	0
43	35	0
43	36	0.4
43	37	0
43	38	0
43	39	0
43	40	0
43	41	0
43	42	0
43	43	1.0
43	44	0
43	45	0
43	46	0
43	47	0
43	48	0
43	49	0
43	50	0
43	51	0.4
43	52	0
43	53	0.4
43	54	0
43	55	0
43	56	0
43	57	0
43	58	0.4
43	59	0
43	60	0
43	61	0
43	62	0
43	63	0
43	64	1.0
43	65	0
44	1	0.4
44	2	0.8
44	3	0.2
44	4	1.0
44	5	1.0
44	6	1.0
44	7	0
44	8	0.8
44	9	0.2
44	10	0.2
44	11	0
44	12	0.8
44	13	0.8
44	14	0.4
44	15	0.8
44	16	0.8
44	17	1.0
44	18	0.8
44	19	0.2
44	20	1.0
44	21	1.0
44	22	0.2
44	23	0
44	24	0.8
44	25	1.0
44	26	1.0
44	27	1.0
44	28	0.8
44	29	0.8
44	30	0.2
44	31	0.4
44	32	0.4
44	33	0.4
44	34	1.0
44	35	0.6
44	36	0.2
44	37	0.6
44	38	1.0
44	39	1.0
44	40	1.0
44	41	0.8
44	42	1.0
44	43	0
44	44	1.0
44	45	0
44	46	1.0
44	47	1.0
44	48	1.0
44	49	1.0
44	50	0.8
44	51	0.2
44	52	1.0
44	53	0.2
44	54	1.0
44	55	0.8
44	56	0.8
44	57	1.0
44	58	0.2
44	59	1.0
44	60	1.0
44	61	1.0
44	62	1.0
44	63	1.0
44	64	0
44	65	0.8
45	1	0
45	2	0
45	3	0
45	4	0
45	5	0
45	6	0
45	7	1.0
45	8	0
45	9	0
45	10	0
45	11	1.0
45	12	0
45	13	0
45	14	0
45	15	0
45	16	0
45	17	0
45	18	0
45	19	0
45	20	0
45	21	0
45	22	0
45	23	0
45	24	0
45	25	0
45	26	0
45	27	0
45	28	0
45	29	0
45	30	0
45	31	0
45	32	0
45	33	0
45	34	0
45	35	0
45	36	0
45	37	0
45	38	0
45	39	0
45	40	0
45	41	0
45	42	0
45	43	0
45	44	0
45	45	1.0
45	46	0
45	47	0
45	48	0
45	49	0
45	50	0
45	51	0
45	52	0
45	53	0
45	54	0
45	55	0
45	56	0
45	57	0
45	58	0
45	59	0
45	60	0
45	61	0
45	62	0
45	63	0
45	64	0
45	65	0
46	1	0.4
46	2	0.8
46	3	0.2
46	4	1.0
46	5	1.0
46	6	1.0
46	7	0
46	8	0.8
46	9	0.2
46	10	0.2
46	11	0
46	12	0.8
46	13	0.8
46	14	0.4
46	15	0.8
46	16	0.8
46	17	1.0
46	18	0.8
46	19	0.2
46	20	1.0
46	21	1.0
46	22	0.2
46	23	0
46	24	0.8
46	25	1.0
46	26	1.0
46	27	1.0
46	28	0.8
46	29	0.8
46	30	0.2
46	31	0.4
46	32	0.4
46	33	0.4
46	34	1.0
46	35	0.6
46	36	0.2
46	37	0.6
46	38	1.0
46	39	1.0
46	40	1.0
46	41	0.8
46	42	1.0
46	43	0
46	44	1.0
46	45	0
46	46	1.0
46	47	1.0
46	48	1.0
46	49	1.0
46	50	0.8
46	51	0.2
46	52	1.0
46	53	0.2
46	54	1.0
46	55	0.8
46	56	0.8
46	57	1.0
46	58	0.2
46	59	1.0
46	60	1.0
46	61	1.0
46	62	1.0
46	63	1.0
46	64	0
46	65	0.8
47	1	0.4
47	2	0.8
47	3	0.2
47	4	1.0
47	5	1.0
47	6	1.0
47	7	0
47	8	0.8
47	9	0.2
47	10	0.2
47	11	0
47	12	0.8
47	13	0.8
47	14	0.4
47	15	0.8
47	16	0.8
47	17	1.0
47	18	0.8
47	19	0.2
47	20	1.0
47	21	1.0
47	22	0.2
47	23	0
47	24	0.8
47	25	1.0
47	26	1.0
47	27	1.0
47	28	0.8
47	29	0.8
47	30	0.2
47	31	0.4
47	32	0.4
47	33	0.4
47	34	1.0
47	35	0.6
47	36	0.2
47	37	0.6
47	38	1.0
47	39	1.0
47	40	1.0
47	41	0.8
47	42	1.0
47	43	0
47	44	1.0
47	45	0
47	46	1.0
47	47	1.0
47	48	1.0
47	49	1.0
47	50	0.8
47	51	0.2
47	52	1.0
47	53	0.2
47	54	1.0
47	55	0.8
47	56	0.8
47	57	1.0
47	58	0.2
47	59	1.0
47	60	1.0
47	61	1.0
47	62	1.0
47	63	1.0
47	64	0
47	65	0.8
48	1	0.4
48	2	0.8
48	3	0.2
48	4	1.0
48	5	1.0
48	6	1.0
48	7	0
48	8	0.8
48	9	0.2
48	10	0.2
48	11	0
48	12	0.8
48	13	0.8
48	14	0.4
48	15	0.8
48	16	0.8
48	17	1.0
48	18	0.8
48	19	0.2
48	20	1.0
48	21	1.0
48	22	0.2
48	23	0
48	24	0.8
48	25	1.0
48	26	1.0
48	27	1.0
48	28	0.8
48	29	0.8
48	30	0.2
48	31	0.4
48	32	0.4
48	33	0.4
48	34	1.0
48	35	0.6
48	36	0.2
48	37	0.6
48	38	1.0
48	39	1.0
48	40	1.0
48	41	0.8
48	42	1.0
48	43	0
48	44	1.0
48	45	0
48	46	1.0
48	47	1.0
48	48	1.0
48	49	1.0
48	50	0.8
48	51	0.2
48	52	1.0
48	53	0.2
48	54	1.0
48	55	0.8
48	56	0.8
48	57	1.0
48	58	0.2
48	59	1.0
48	60	1.0
48	61	1.0
48	62	1.0
48	63	1.0
48	64	0
48	65	0.8
49	1	0.4
49	2	0.8
49	3	0.2
49	4	1.0
49	5	1.0
49	6	1.0
49	7	0
49	8	0.8
49	9	0.2
49	10	0.2
49	11	0
49	12	0.8
49	13	0.8
49	14	0.4
49	15	0.8
49	16	0.8
49	17	1.0
49	18	0.8
49	19	0.2
49	20	1.0
49	21	1.0
49	22	0.2
49	23	0
49	24	0.8
49	25	1.0
49	26	1.0
49	27	1.0
49	28	0.8
49	29	0.8
49	30	0.2
49	31	0.4
49	32	0.4
49	33	0.4
49	34	1.0
49	35	0.6
49	36	0.2
49	37	0.6
49	38	1.0
49	39	1.0
49	40	1.0
49	41	0.8
49	42	1.0
49	43	0
49	44	1.0
49	45	0
49	46	1.0
49	47	1.0
49	48	1.0
49	49	1.0
49	50	0.8
49	51	0.2
49	52	1.0
49	53	0.2
49	54	1.0
49	55	0.8
49	56	0.8
49	57	1.0
49	58	0.2
49	59	1.0
49	60	1.0
49	61	1.0
49	62	1.0
49	63	1.0
49	64	0
49	65	0.8
50	1	0.6
50	2	0.6
50	3	0.4
50	4	0.8
50	5	0.8
50	6	0.8
50	7	0
50	8	1.0
50	9	0.4
50	10	0.4
50	11	0
50	12	0.6
50	13	0.6
50	14	0.6
50	15	1.0
50	16	0.6
50	17	0.8
50	18	1.0
50	19	0.4
50	20	0.8
50	21	0.8
50	22	0.4
50	23	0
50	24	1.0
50	25	0.8
50	26	0.8
50	27	0.8
50	28	1.0
50	29	0.6
50	30	0.4
50	31	0.6
50	32	0.6
50	33	0.6
50	34	0.8
50	35	0.8
50	36	0.4
50	37	0.8
50	38	0.8
50	39	0.8
50	40	0.8
50	41	1.0
50	42	0.8
50	43	0
50	44	0.8
50	45	0
50	46	0.8
50	47	0.8
50	48	0.8
50	49	0.8
50	50	1.0
50	51	0.4
50	52	0.8
50	53	0.4
50	54	0.8
50	55	1.0
50	56	1.0
50	57	0.8
50	58	0.4
50	59	0.8
50	60	0.8
50	61	0.8
50	62	0.8
50	63	0.8
50	64	0
50	65	1.0
51	1	0.8
51	2	0
51	3	1.0
51	4	0.2
51	5	0.2
51	6	0.2
51	7	0
51	8	0.4
51	9	1.0
51	10	1.0
51	11	0
51	12	0
51	13	0
51	14	0.8
51	15	0.4
51	16	0
51	17	0.2
51	18	0.4
51	19	1.0
51	20	0.2
51	21	0.2
51	22	1.0
51	23	0.4
51	24	0.4
51	25	0.2
51	26	0.2
51	27	0.2
51	28	0.4
51	29	0
51	30	1.0
51	31	0.8
51	32	0.8
51	33	0.8
51	34	0.2
51	35	0.6
51	36	1.0
51	37	0.6
51	38	0.2
51	39	0.2
51	40	0.2
51	41	0.4
51	42	0.2
51	43	0.4
51	44	0.2
51	45	0
51	46	0.2
51	47	0.2
51	48	0.2
51	49	0.2
51	50	0.4
51	51	1.0
51	52	0.2
51	53	1.0
51	54	0.2
51	55	0.4
51	56	0.4
51	57	0.2
51	58	1.0
51	59	0.2
51	60	0.2
51	61	0.2
51	62	0.2
51	63	0.2
51	64	0.4
51	65	0.4
52	1	0.4
52	2	0.8
52	3	0.2
52	4	1.0
52	5	1.0
52	6	1.0
52	7	0
52	8	0.8
52	9	0.2
52	10	0.2
52	11	0
52	12	0.8
52	13	0.8
52	14	0.4
52	15	0.8
52	16	0.8
52	17	1.0
52	18	0.8
52	19	0.2
52	20	1.0
52	21	1.0
52	22	0.2
52	23	0
52	24	0.8
52	25	1.0
52	26	1.0
52	27	1.0
52	28	0.8
52	29	0.8
52	30	0.2
52	31	0.4
52	32	0.4
52	33	0.4
52	34	1.0
52	35	0.6
52	36	0.2
52	37	0.6
52	38	1.0
52	39	1.0
52	40	1.0
52	41	0.8
52	42	1.0
52	43	0
52	44	1.0
52	45	0
52	46	1.0
52	47	1.0
52	48	1.0
52	49	1.0
52	50	0.8
52	51	0.2
52	52	1.0
52	53	0.2
52	54	1.0
52	55	0.8
52	56	0.8
52	57	1.0
52	58	0.2
52	59	1.0
52	60	1.0
52	61	1.0
52	62	1.0
52	63	1.0
52	64	0
52	65	0.8
53	1	0.8
53	2	0
53	3	1.0
53	4	0.2
53	5	0.2
53	6	0.2
53	7	0
53	8	0.4
53	9	1.0
53	10	1.0
53	11	0
53	12	0
53	13	0
53	14	0.8
53	15	0.4
53	16	0
53	17	0.2
53	18	0.4
53	19	1.0
53	20	0.2
53	21	0.2
53	22	1.0
53	23	0.4
53	24	0.4
53	25	0.2
53	26	0.2
53	27	0.2
53	28	0.4
53	29	0
53	30	1.0
53	31	0.8
53	32	0.8
53	33	0.8
53	34	0.2
53	35	0.6
53	36	1.0
53	37	0.6
53	38	0.2
53	39	0.2
53	40	0.2
53	41	0.4
53	42	0.2
53	43	0.4
53	44	0.2
53	45	0
53	46	0.2
53	47	0.2
53	48	0.2
53	49	0.2
53	50	0.4
53	51	1.0
53	52	0.2
53	53	1.0
53	54	0.2
53	55	0.4
53	56	0.4
53	57	0.2
53	58	1.0
53	59	0.2
53	60	0.2
53	61	0.2
53	62	0.2
53	63	0.2
53	64	0.4
53	65	0.4
54	1	0.4
54	2	0.8
54	3	0.2
54	4	1.0
54	5	1.0
54	6	1.0
54	7	0
54	8	0.8
54	9	0.2
54	10	0.2
54	11	0
54	12	0.8
54	13	0.8
54	14	0.4
54	15	0.8
54	16	0.8
54	17	1.0
54	18	0.8
54	19	0.2
54	20	1.0
54	21	1.0
54	22	0.2
54	23	0
54	24	0.8
54	25	1.0
54	26	1.0
54	27	1.0
54	28	0.8
54	29	0.8
54	30	0.2
54	31	0.4
54	32	0.4
54	33	0.4
54	34	1.0
54	35	0.6
54	36	0.2
54	37	0.6
54	38	1.0
54	39	1.0
54	40	1.0
54	41	0.8
54	42	1.0
54	43	0
54	44	1.0
54	45	0
54	46	1.0
54	47	1.0
54	48	1.0
54	49	1.0
54	50	0.8
54	51	0.2
54	52	1.0
54	53	0.2
54	54	1.0
54	55	0.8
54	56	0.8
54	57	1.0
54	58	0.2
54	59	1.0
54	60	1.0
54	61	1.0
54	62	1.0
54	63	1.0
54	64	0
54	65	0.8
55	1	0.6
55	2	0.6
55	3	0.4
55	4	0.8
55	5	0.8
55	6	0.8
55	7	0
55	8	1.0
55	9	0.4
55	10	0.4
55	11	0
55	12	0.6
55	13	0.6
55	14	0.6
55	15	1.0
55	16	0.6
55	17	0.8
55	18	1.0
55	19	0.4
55	20	0.8
55	21	0.8
55	22	0.4
55	23	0
55	24	1.0
55	25	0.8
55	26	0.8
55	27	0.8
55	28	1.0
55	29	0.6
55	30	0.4
55	31	0.6
55	32	0.6
55	33	0.6
55	34	0.8
55	35	0.8
55	36	0.4
55	37	0.8
55	38	0.8
55	39	0.8
55	40	0.8
55	41	1.0
55	42	0.8
55	43	0
55	44	0.8
55	45	0
55	46	0.8
55	47	0.8
55	48	0.8
55	49	0.8
55	50	1.0
55	51	0.4
55	52	0.8
55	53	0.4
55	54	0.8
55	55	1.0
55	56	1.0
55	57	0.8
55	58	0.4
55	59	0.8
55	60	0.8
55	61	0.8
55	62	0.8
55	63	0.8
55	64	0
55	65	1.0
56	1	0.6
56	2	0.6
56	3	0.4
56	4	0.8
56	5	0.8
56	6	0.8
56	7	0
56	8	1.0
56	9	0.4
56	10	0.4
56	11	0
56	12	0.6
56	13	0.6
56	14	0.6
56	15	1.0
56	16	0.6
56	17	0.8
56	18	1.0
56	19	0.4
56	20	0.8
56	21	0.8
56	22	0.4
56	23	0
56	24	1.0
56	25	0.8
56	26	0.8
56	27	0.8
56	28	1.0
56	29	0.6
56	30	0.4
56	31	0.6
56	32	0.6
56	33	0.6
56	34	0.8
56	35	0.8
56	36	0.4
56	37	0.8
56	38	0.8
56	39	0.8
56	40	0.8
56	41	1.0
56	42	0.8
56	43	0
56	44	0.8
56	45	0
56	46	0.8
56	47	0.8
56	48	0.8
56	49	0.8
56	50	1.0
56	51	0.4
56	52	0.8
56	53	0.4
56	54	0.8
56	55	1.0
56	56	1.0
56	57	0.8
56	58	0.4
56	59	0.8
56	60	0.8
56	61	0.8
56	62	0.8
56	63	0.8
56	64	0
56	65	1.0
57	1	0.4
57	2	0.8
57	3	0.2
57	4	1.0
57	5	1.0
57	6	1.0
57	7	0
57	8	0.8
57	9	0.2
57	10	0.2
57	11	0
57	12	0.8
57	13	0.8
57	14	0.4
57	15	0.8
57	16	0.8
57	17	1.0
57	18	0.8
57	19	0.2
57	20	1.0
57	21	1.0
57	22	0.2
57	23	0
57	24	0.8
57	25	1.0
57	26	1.0
57	27	1.0
57	28	0.8
57	29	0.8
57	30	0.2
57	31	0.4
57	32	0.4
57	33	0.4
57	34	1.0
57	35	0.6
57	36	0.2
57	37	0.6
57	38	1.0
57	39	1.0
57	40	1.0
57	41	0.8
57	42	1.0
57	43	0
57	44	1.0
57	45	0
57	46	1.0
57	47	1.0
57	48	1.0
57	49	1.0
57	50	0.8
57	51	0.2
57	52	1.0
57	53	0.2
57	54	1.0
57	55	0.8
57	56	0.8
57	57	1.0
57	58	0.2
57	59	1.0
57	60	1.0
57	61	1.0
57	62	1.0
57	63	1.0
57	64	0
57	65	0.8
58	1	0.8
58	2	0
58	3	1.0
58	4	0.2
58	5	0.2
58	6	0.2
58	7	0
58	8	0.4
58	9	1.0
58	10	1.0
58	11	0
58	12	0
58	13	0
58	14	0.8
58	15	0.4
58	16	0
58	17	0.2
58	18	0.4
58	19	1.0
58	20	0.2
58	21	0.2
58	22	1.0
58	23	0.4
58	24	0.4
58	25	0.2
58	26	0.2
58	27	0.2
58	28	0.4
58	29	0
58	30	1.0
58	31	0.8
58	32	0.8
58	33	0.8
58	34	0.2
58	35	0.6
58	36	1.0
58	37	0.6
58	38	0.2
58	39	0.2
58	40	0.2
58	41	0.4
58	42	0.2
58	43	0.4
58	44	0.2
58	45	0
58	46	0.2
58	47	0.2
58	48	0.2
58	49	0.2
58	50	0.4
58	51	1.0
58	52	0.2
58	53	1.0
58	54	0.2
58	55	0.4
58	56	0.4
58	57	0.2
58	58	1.0
58	59	0.2
58	60	0.2
58	61	0.2
58	62	0.2
58	63	0.2
58	64	0.4
58	65	0.4
59	1	0.4
59	2	0.8
59	3	0.2
59	4	1.0
59	5	1.0
59	6	1.0
59	7	0
59	8	0.8
59	9	0.2
59	10	0.2
59	11	0
59	12	0.8
59	13	0.8
59	14	0.4
59	15	0.8
59	16	0.8
59	17	1.0
59	18	0.8
59	19	0.2
59	20	1.0
59	21	1.0
59	22	0.2
59	23	0
59	24	0.8
59	25	1.0
59	26	1.0
59	27	1.0
59	28	0.8
59	29	0.8
59	30	0.2
59	31	0.4
59	32	0.4
59	33	0.4
59	34	1.0
59	35	0.6
59	36	0.2
59	37	0.6
59	38	1.0
59	39	1.0
59	40	1.0
59	41	0.8
59	42	1.0
59	43	0
59	44	1.0
59	45	0
59	46	1.0
59	47	1.0
59	48	1.0
59	49	1.0
59	50	0.8
59	51	0.2
59	52	1.0
59	53	0.2
59	54	1.0
59	55	0.8
59	56	0.8
59	57	1.0
59	58	0.2
59	59	1.0
59	60	1.0
59	61	1.0
59	62	1.0
59	63	1.0
59	64	0
59	65	0.8
60	1	0.4
60	2	0.8
60	3	0.2
60	4	1.0
60	5	1.0
60	6	1.0
60	7	0
60	8	0.8
60	9	0.2
60	10	0.2
60	11	0
60	12	0.8
60	13	0.8
60	14	0.4
60	15	0.8
60	16	0.8
60	17	1.0
60	18	0.8
60	19	0.2
60	20	1.0
60	21	1.0
60	22	0.2
60	23	0
60	24	0.8
60	25	1.0
60	26	1.0
60	27	1.0
60	28	0.8
60	29	0.8
60	30	0.2
60	31	0.4
60	32	0.4
60	33	0.4
60	34	1.0
60	35	0.6
60	36	0.2
60	37	0.6
60	38	1.0
60	39	1.0
60	40	1.0
60	41	0.8
60	42	1.0
60	43	0
60	44	1.0
60	45	0
60	46	1.0
60	47	1.0
60	48	1.0
60	49	1.0
60	50	0.8
60	51	0.2
60	52	1.0
60	53	0.2
60	54	1.0
60	55	0.8
60	56	0.8
60	57	1.0
60	58	0.2
60	59	1.0
60	60	1.0
60	61	1.0
60	62	1.0
60	63	1.0
60	64	0
60	65	0.8
61	1	0.4
61	2	0.8
61	3	0.2
61	4	1.0
61	5	1.0
61	6	1.0
61	7	0
61	8	0.8
61	9	0.2
61	10	0.2
61	11	0
61	12	0.8
61	13	0.8
61	14	0.4
61	15	0.8
61	16	0.8
61	17	1.0
61	18	0.8
61	19	0.2
61	20	1.0
61	21	1.0
61	22	0.2
61	23	0
61	24	0.8
61	25	1.0
61	26	1.0
61	27	1.0
61	28	0.8
61	29	0.8
61	30	0.2
61	31	0.4
61	32	0.4
61	33	0.4
61	34	1.0
61	35	0.6
61	36	0.2
61	37	0.6
61	38	1.0
61	39	1.0
61	40	1.0
61	41	0.8
61	42	1.0
61	43	0
61	44	1.0
61	45	0
61	46	1.0
61	47	1.0
61	48	1.0
61	49	1.0
61	50	0.8
61	51	0.2
61	52	1.0
61	53	0.2
61	54	1.0
61	55	0.8
61	56	0.8
61	57	1.0
61	58	0.2
61	59	1.0
61	60	1.0
61	61	1.0
61	62	1.0
61	63	1.0
61	64	0
61	65	0.8
62	1	0.4
62	2	0.8
62	3	0.2
62	4	1.0
62	5	1.0
62	6	1.0
62	7	0
62	8	0.8
62	9	0.2
62	10	0.2
62	11	0
62	12	0.8
62	13	0.8
62	14	0.4
62	15	0.8
62	16	0.8
62	17	1.0
62	18	0.8
62	19	0.2
62	20	1.0
62	21	1.0
62	22	0.2
62	23	0
62	24	0.8
62	25	1.0
62	26	1.0
62	27	1.0
62	28	0.8
62	29	0.8
62	30	0.2
62	31	0.4
62	32	0.4
62	33	0.4
62	34	1.0
62	35	0.6
62	36	0.2
62	37	0.6
62	38	1.0
62	39	1.0
62	40	1.0
62	41	0.8
62	42	1.0
62	43	0
62	44	1.0
62	45	0
62	46	1.0
62	47	1.0
62	48	1.0
62	49	1.0
62	50	0.8
62	51	0.2
62	52	1.0
62	53	0.2
62	54	1.0
62	55	0.8
62	56	0.8
62	57	1.0
62	58	0.2
62	59	1.0
62	60	1.0
62	61	1.0
62	62	1.0
62	63	1.0
62	64	0
62	65	0.8
63	1	0.4
63	2	0.8
63	3	0.2
63	4	1.0
63	5	1.0
63	6	1.0
63	7	0
63	8	0.8
63	9	0.2
63	10	0.2
63	11	0
63	12	0.8
63	13	0.8
63	14	0.4
63	15	0.8
63	16	0.8
63	17	1.0
63	18	0.8
63	19	0.2
63	20	1.0
63	21	1.0
63	22	0.2
63	23	0
63	24	0.8
63	25	1.0
63	26	1.0
63	27	1.0
63	28	0.8
63	29	0.8
63	30	0.2
63	31	0.4
63	32	0.4
63	33	0.4
63	34	1.0
63	35	0.6
63	36	0.2
63	37	0.6
63	38	1.0
63	39	1.0
63	40	1.0
63	41	0.8
63	42	1.0
63	43	0
63	44	1.0
63	45	0
63	46	1.0
63	47	1.0
63	48	1.0
63	49	1.0
63	50	0.8
63	51	0.2
63	52	1.0
63	53	0.2
63	54	1.0
63	55	0.8
63	56	0.8
63	57	1.0
63	58	0.2
63	59	1.0
63	60	1.0
63	61	1.0
63	62	1.0
63	63	1.0
63	64	0
63	65	0.8
64	1	0.2
64	2	0
64	3	0.4
64	4	0
64	5	0
64	6	0
64	7	0
64	8	0
64	9	0.4
64	10	0.4
64	11	0
64	12	0
64	13	0
64	14	0.2
64	15	0
64	16	0
64	17	0
64	18	0
64	19	0.4
64	20	0
64	21	0
64	22	0.4
64	23	1.0
64	24	0
64	25	0
64	26	0
64	27	0
64	28	0
64	29	0
64	30	0.4
64	31	0.2
64	32	0.2
64	33	0.2
64	34	0
64	35	0
64	36	0.4
64	37	0
64	38	0
64	39	0
64	40	0
64	41	0
64	42	0
64	43	1.0
64	44	0
64	45	0
64	46	0
64	47	0
64	48	0
64	49	0
64	50	0
64	51	0.4
64	52	0
64	53	0.4
64	54	0
64	55	0
64	56	0
64	57	0
64	58	0.4
64	59	0
64	60	0
64	61	0
64	62	0
64	63	0
64	64	1.0
64	65	0
65	1	0.6
65	2	0.6
65	3	0.4
65	4	0.8
65	5	0.8
65	6	0.8
65	7	0
65	8	1.0
65	9	0.4
65	10	0.4
65	11	0
65	12	0.6
65	13	0.6
65	14	0.6
65	15	1.0
65	16	0.6
65	17	0.8
65	18	1.0
65	19	0.4
65	20	0.8
65	21	0.8
65	22	0.4
65	23	0
65	24	1.0
65	25	0.8
65	26	0.8
65	27	0.8
65	28	1.0
65	29	0.6
65	30	0.4
65	31	0.6
65	32	0.6
65	33	0.6
65	34	0.8
65	35	0.8
65	36	0.4
65	37	0.8
65	38	0.8
65	39	0.8
65	40	0.8
65	41	1.0
65	42	0.8
65	43	0
65	44	0.8
65	45	0
65	46	0.8
65	47	0.8
65	48	0.8
65	49	0.8
65	50	1.0
65	51	0.4
65	52	0.8
65	53	0.4
65	54	0.8
65	55	1.0
65	56	1.0
65	57	0.8
65	58	0.4
65	59	0.8
65	60	0.8
65	61	0.8
65	62	0.8
65	63	0.8
65	64	0
65	65	1.0
