1	1	1.0
1	2	0.6
1	3	1.0
1	4	0.4
1	5	0.8
1	6	0.6
1	7	0.6
1	8	0.6
1	9	0.6
1	10	0.6
1	11	0.6
1	12	0.2
1	13	1.0
1	14	0
1	15	1.0
1	16	0.8
1	17	0.8
1	18	0.8
1	19	0.8
1	20	0
1	21	0.8
1	22	0
1	23	0
1	24	0.4
1	25	0.8
1	26	0.2
1	27	0
1	28	0.4
1	29	0.4
1	30	0
1	31	1.0
1	32	1.0
1	33	0.4
1	34	0
1	35	0.8
1	36	0
1	37	0.4
1	38	0.8
1	39	0
1	40	1.0
1	41	0.6
1	42	0.8
1	43	0.4
1	44	0.8
1	45	0.6
1	46	0
1	47	0.4
1	48	0.8
1	49	0.4
1	50	0.6
2	1	0.6
2	2	1.0
2	3	0.6
2	4	0
2	5	0.8
2	6	1.0
2	7	1.0
2	8	1.0
2	9	1.0
2	10	1.0
2	11	1.0
2	12	0.6
2	13	0.6
2	14	0
2	15	0.6
2	16	0.8
2	17	0.8
2	18	0.8
2	19	0.8
2	20	0
2	21	0.4
2	22	0
2	23	0.4
2	24	0.8
2	25	0.8
2	26	0.6
2	27	0.4
2	28	0
2	29	0.8
2	30	0
2	31	0.6
2	32	0.6
2	33	0
2	34	0
2	35	0.8
2	36	0.4
2	37	0
2	38	0.8
2	39	0
2	40	0.6
2	41	0.2
2	42	0.8
2	43	0
2	44	0.8
2	45	0.2
2	46	0.4
2	47	0
2	48	0.8
2	49	0
2	50	0.2
3	1	1.0
3	2	0.6
3	3	1.0
3	4	0.4
3	5	0.8
3	6	0.6
3	7	0.6
3	8	0.6
3	9	0.6
3	10	0.6
3	11	0.6
3	12	0.2
3	13	1.0
3	14	0
3	15	1.0
3	16	0.8
3	17	0.8
3	18	0.8
3	19	0.8
3	20	0
3	21	0.8
3	22	0
3	23	0
3	24	0.4
3	25	0.8
3	26	0.2
3	27	0
3	28	0.4
3	29	0.4
3	30	0
3	31	1.0
3	32	1.0
3	33	0.4
3	34	0
3	35	0.8
3	36	0
3	37	0.4
3	38	0.8
3	39	0
3	40	1.0
3	41	0.6
3	42	0.8
3	43	0.4
3	44	0.8
3	45	0.6
3	46	0
3	47	0.4
3	48	0.8
3	49	0.4
3	50	0.6
4	1	0.4
4	2	0
4	3	0.4
4	4	1.0
4	5	0.2
4	6	0
4	7	0
4	8	0
4	9	0
4	10	0
4	11	0
4	12	0
4	13	0.4
4	14	0.4
4	15	0.4
4	16	0.2
4	17	0.2
4	18	0.2
4	19	0.2
4	20	0
4	21	0.6
4	22	0
4	23	0
4	24	0
4	25	0.2
4	26	0
4	27	0
4	28	1.0
4	29	0
4	30	0
4	31	0.4
4	32	0.4
4	33	1.0
4	34	0
4	35	0.2
4	36	0
4	37	1.0
4	38	0.2
4	39	0
4	40	0.4
4	41	0.8
4	42	0.2
4	43	1.0
4	44	0.2
4	45	0.8
4	46	0
4	47	1.0
4	48	0.2
4	49	1.0
4	50	0.8
5	1	0.8
5	2	0.8
5	3	0.8
5	4	0.2
5	5	1.0
5	6	0.8
5	7	0.8
5	8	0.8
5	9	0.8
5	10	0.8
5	11	0.8
5	12	0.4
5	13	0.8
5	14	0
5	15	0.8
5	16	1.0
5	17	1.0
5	18	1.0
5	19	1.0
5	20	0
5	21	0.6
5	22	0
5	23	0.2
5	24	0.6
5	25	1.0
5	26	0.4
5	27	0.2
5	28	0.2
5	29	0.6
5	30	0
5	31	0.8
5	32	0.8
5	33	0.2
5	34	0
5	35	1.0
5	36	0.2
5	37	0.2
5	38	1.0
5	39	0
5	40	0.8
5	41	0.4
5	42	1.0
5	43	0.2
5	44	1.0
5	45	0.4
5	46	0.2
5	47	0.2
5	48	1.0
5	49	0.2
5	50	0.4
6	1	0.6
6	2	1.0
6	3	0.6
6	4	0
6	5	0.8
6	6	1.0
6	7	1.0
6	8	1.0
6	9	1.0
6	10	1.0
6	11	1.0
6	12	0.6
6	13	0.6
6	14	0
6	15	0.6
6	16	0.8
6	17	0.8
6	18	0.8
6	19	0.8
6	20	0
6	21	0.4
6	22	0
6	23	0.4
6	24	0.8
6	25	0.8
6	26	0.6
6	27	0.4
6	28	0
6	29	0.8
6	30	0
6	31	0.6
6	32	0.6
6	33	0
6	34	0
6	35	0.8
6	36	0.4
6	37	0
6	38	0.8
6	39	0
6	40	0.6
6	41	0.2
6	42	0.8
6	43	0
6	44	0.8
6	45	0.2
6	46	0.4
6	47	0
6	48	0.8
6	49	0
6	50	0.2
7	1	0.6
7	2	1.0
7	3	0.6
7	4	0
7	5	0.8
7	6	1.0
7	7	1.0
7	8	1.0
7	9	1.0
7	10	1.0
7	11	1.0
7	12	0.6
7	13	0.6
7	14	0
7	15	0.6
7	16	0.8
7	17	0.8
7	18	0.8
7	19	0.8
7	20	0
7	21	0.4
7	22	0
7	23	0.4
7	24	0.8
7	25	0.8
7	26	0.6
7	27	0.4
7	28	0
7	29	0.8
7	30	0
7	31	0.6
7	32	0.6
7	33	0
7	34	0
7	35	0.8
7	36	0.4
7	37	0
7	38	0.8
7	39	0
7	40	0.6
7	41	0.2
7	42	0.8
7	43	0
7	44	0.8
7	45	0.2
7	46	0.4
7	47	0
7	48	0.8
7	49	0
7	50	0.2
8	1	0.6
8	2	1.0
8	3	0.6
8	4	0
8	5	0.8
8	6	1.0
8	7	1.0
8	8	1.0
8	9	1.0
8	10	1.0
8	11	1.0
8	12	0.6
8	13	0.6
8	14	0
8	15	0.6
8	16	0.8
8	17	0.8
8	18	0.8
8	19	0.8
8	20	0
8	21	0.4
8	22	0
8	23	0.4
8	24	0.8
8	25	0.8
8	26	0.6
8	27	0.4
8	28	0
8	29	0.8
8	30	0
8	31	0.6
8	32	0.6
8	33	0
8	34	0
8	35	0.8
8	36	0.4
8	37	0
8	38	0.8
8	39	0
8	40	0.6
8	41	0.2
8	42	0.8
8	43	0
8	44	0.8
8	45	0.2
8	46	0.4
8	47	0
8	48	0.8
8	49	0
8	50	0.2
9	1	0.6
9	2	1.0
9	3	0.6
9	4	0
9	5	0.8
9	6	1.0
9	7	1.0
9	8	1.0
9	9	1.0
9	10	1.0
9	11	1.0
9	12	0.6
9	13	0.6
9	14	0
9	15	0.6
9	16	0.8
9	17	0.8
9	18	0.8
9	19	0.8
9	20	0
9	21	0.4
9	22	0
9	23	0.4
9	24	0.8
9	25	0.8
9	26	0.6
9	27	0.4
9	28	0
9	29	0.8
9	30	0
9	31	0.6
9	32	0.6
9	33	0
9	34	0
9	35	0.8
9	36	0.4
9	37	0
9	38	0.8
9	39	0
9	40	0.6
9	41	0.2
9	42	0.8
9	43	0
9	44	0.8
9	45	0.2
9	46	0.4
9	47	0
9	48	0.8
9	49	0
9	50	0.2
10	1	0.6
10	2	1.0
10	3	0.6
10	4	0
10	5	0.8
10	6	1.0
10	7	1.0
10	8	1.0
10	9	1.0
10	10	1.0
10	11	1.0
10	12	0.6
10	13	0.6
10	14	0
10	15	0.6
10	16	0.8
10	17	0.8
10	18	0.8
10	19	0.8
10	20	0
10	21	0.4
10	22	0
10	23	0.4
10	24	0.8
10	25	0.8
10	26	0.6
10	27	0.4
10	28	0
10	29	0.8
10	30	0
10	31	0.6
10	32	0.6
10	33	0
10	34	0
10	35	0.8
10	36	0.4
10	37	0
10	38	0.8
10	39	0
10	40	0.6
10	41	0.2
10	42	0.8
10	43	0
10	44	0.8
10	45	0.2
10	46	0.4
10	47	0
10	48	0.8
10	49	0
10	50	0.2
11	1	0.6
11	2	1.0
11	3	0.6
11	4	0
11	5	0.8
11	6	1.0
11	7	1.0
11	8	1.0
11	9	1.0
11	10	1.0
11	11	1.0
11	12	0.6
11	13	0.6
11	14	0
11	15	0.6
11	16	0.8
11	17	0.8
11	18	0.8
11	19	0.8
11	20	0
11	21	0.4
11	22	0
11	23	0.4
11	24	0.8
11	25	0.8
11	26	0.6
11	27	0.4
11	28	0
11	29	0.8
11	30	0
11	31	0.6
11	32	0.6
11	33	0
11	34	0
11	35	0.8
11	36	0.4
11	37	0
11	38	0.8
11	39	0
11	40	0.6
11	41	0.2
11	42	0.8
11	43	0
11	44	0.8
11	45	0.2
11	46	0.4
11	47	0
11	48	0.8
11	49	0
11	50	0.2
12	1	0.2
12	2	0.6
12	3	0.2
12	4	0
12	5	0.4
12	6	0.6
12	7	0.6
12	8	0.6
12	9	0.6
12	10	0.6
12	11	0.6
12	12	1.0
12	13	0.2
12	14	0
12	15	0.2
12	16	0.4
12	17	0.4
12	18	0.4
12	19	0.4
12	20	0
12	21	0
12	22	0
12	23	0.8
12	24	0.8
12	25	0.4
12	26	1.0
12	27	0.8
12	28	0
12	29	0.8
12	30	0
12	31	0.2
12	32	0.2
12	33	0
12	34	0
12	35	0.4
12	36	0.8
12	37	0
12	38	0.4
12	39	0
12	40	0.2
12	41	0
12	42	0.4
12	43	0
12	44	0.4
12	45	0
12	46	0.8
12	47	0
12	48	0.4
12	49	0
12	50	0
13	1	1.0
13	2	0.6
13	3	1.0
13	4	0.4
13	5	0.8
13	6	0.6
13	7	0.6
13	8	0.6
13	9	0.6
13	10	0.6
13	11	0.6
13	12	0.2
13	13	1.0
13	14	0
13	15	1.0
13	16	0.8
13	17	0.8
13	18	0.8
13	19	0.8
13	20	0
13	21	0.8
13	22	0
13	23	0
13	24	0.4
13	25	0.8
13	26	0.2
13	27	0
13	28	0.4
13	29	0.4
13	30	0
13	31	1.0
13	32	1.0
13	33	0.4
13	34	0
13	35	0.8
13	36	0
13	37	0.4
13	38	0.8
13	39	0
13	40	1.0
13	41	0.6
13	42	0.8
13	43	0.4
13	44	0.8
13	45	0.6
13	46	0
13	47	0.4
13	48	0.8
13	49	0.4
13	50	0.6
14	1	0
14	2	0
14	3	0
14	4	0.4
14	5	0
14	6	0
14	7	0
14	8	0
14	9	0
14	10	0
14	11	0
14	12	0
14	13	0
14	14	1.0
14	15	0
14	16	0
14	17	0
14	18	0
14	19	0
14	20	0.6
14	21	0
14	22	0
14	23	0
14	24	0
14	25	0
14	26	0
14	27	0
14	28	0.4
14	29	0
14	30	0.6
14	31	0
14	32	0
14	33	0.4
14	34	0
14	35	0
14	36	0
14	37	0.4
14	38	0
14	39	0
14	40	0
14	41	0.2
14	42	0
14	43	0.4
14	44	0
14	45	0.2
14	46	0
14	47	0.4
14	48	0
14	49	0.4
14	50	0.2
15	1	1.0
15	2	0.6
15	3	1.0
15	4	0.4
15	5	0.8
15	6	0.6
15	7	0.6
15	8	0.6
15	9	0.6
15	10	0.6
15	11	0.6
15	12	0.2
15	13	1.0
15	14	0
15	15	1.0
15	16	0.8
15	17	0.8
15	18	0.8
15	19	0.8
15	20	0
15	21	0.8
15	22	0
15	23	0
15	24	0.4
15	25	0.8
15	26	0.2
15	27	0
15	28	0.4
15	29	0.4
15	30	0
15	31	1.0
15	32	1.0
15	33	0.4
15	34	0
15	35	0.8
15	36	0
15	37	0.4
15	38	0.8
15	39	0
15	40	1.0
15	41	0.6
15	42	0.8
15	43	0.4
15	44	0.8
15	45	0.6
15	46	0
15	47	0.4
15	48	0.8
15	49	0.4
15	50	0.6
16	1	0.8
16	2	0.8
16	3	0.8
16	4	0.2
16	5	1.0
16	6	0.8
16	7	0.8
16	8	0.8
16	9	0.8
16	10	0.8
16	11	0.8
16	12	0.4
16	13	0.8
16	14	0
16	15	0.8
16	16	1.0
16	17	1.0
16	18	1.0
16	19	1.0
16	20	0
16	21	0.6
16	22	0
16	23	0.2
16	24	0.6
16	25	1.0
16	26	0.4
16	27	0.2
16	28	0.2
16	29	0.6
16	30	0
16	31	0.8
16	32	0.8
16	33	0.2
16	34	0
16	35	1.0
16	36	0.2
16	37	0.2
16	38	1.0
16	39	0
16	40	0.8
16	41	0.4
16	42	1.0
16	43	0.2
16	44	1.0
16	45	0.4
16	46	0.2
16	47	0.2
16	48	1.0
16	49	0.2
16	50	0.4
17	1	0.8
17	2	0.8
17	3	0.8
17	4	0.2
17	5	1.0
17	6	0.8
17	7	0.8
17	8	0.8
17	9	0.8
17	10	0.8
17	11	0.8
17	12	0.4
17	13	0.8
17	14	0
17	15	0.8
17	16	1.0
17	17	1.0
17	18	1.0
17	19	1.0
17	20	0
17	21	0.6
17	22	0
17	23	0.2
17	24	0.6
17	25	1.0
17	26	0.4
17	27	0.2
17	28	0.2
17	29	0.6
17	30	0
17	31	0.8
17	32	0.8
17	33	0.2
17	34	0
17	35	1.0
17	36	0.2
17	37	0.2
17	38	1.0
17	39	0
17	40	0.8
17	41	0.4
17	42	1.0
17	43	0.2
17	44	1.0
17	45	0.4
17	46	0.2
17	47	0.2
17	48	1.0
17	49	0.2
17	50	0.4
18	1	0.8
18	2	0.8
18	3	0.8
18	4	0.2
18	5	1.0
18	6	0.8
18	7	0.8
18	8	0.8
18	9	0.8
18	10	0.8
18	11	0.8
18	12	0.4
18	13	0.8
18	14	0
18	15	0.8
18	16	1.0
18	17	1.0
18	18	1.0
18	19	1.0
18	20	0
18	21	0.6
18	22	0
18	23	0.2
18	24	0.6
18	25	1.0
18	26	0.4
18	27	0.2
18	28	0.2
18	29	0.6
18	30	0
18	31	0.8
18	32	0.8
18	33	0.2
18	34	0
18	35	1.0
18	36	0.2
18	37	0.2
18	38	1.0
18	39	0
18	40	0.8
18	41	0.4
18	42	1.0
18	43	0.2
18	44	1.0
18	45	0.4
18	46	0.2
18	47	0.2
18	48	1.0
18	49	0.2
18	50	0.4
19	1	0.8
19	2	0.8
19	3	0.8
19	4	0.2
19	5	1.0
19	6	0.8
19	7	0.8
19	8	0.8
19	9	0.8
19	10	0.8
19	11	0.8
19	12	0.4
19	13	0.8
19	14	0
19	15	0.8
19	16	1.0
19	17	1.0
19	18	1.0
19	19	1.0
19	20	0
19	21	0.6
19	22	0
19	23	0.2
19	24	0.6
19	25	1.0
19	26	0.4
19	27	0.2
19	28	0.2
19	29	0.6
19	30	0
19	31	0.8
19	32	0.8
19	33	0.2
19	34	0
19	35	1.0
19	36	0.2
19	37	0.2
19	38	1.0
19	39	0
19	40	0.8
19	41	0.4
19	42	1.0
19	43	0.2
19	44	1.0
19	45	0.4
19	46	0.2
19	47	0.2
19	48	1.0
19	49	0.2
19	50	0.4
20	1	0
20	2	0
20	3	0
20	4	0
20	5	0
20	6	0
20	7	0
20	8	0
20	9	0
20	10	0
20	11	0
20	12	0
20	13	0
20	14	0.6
20	15	0
20	16	0
20	17	0
20	18	0
20	19	0
20	20	1.0
20	21	0
20	22	0
20	23	0
20	24	0
20	25	0
20	26	0
20	27	0
20	28	0
20	29	0
20	30	1.0
20	31	0
20	32	0
20	33	0
20	34	0
20	35	0
20	36	0
20	37	0
20	38	0
20	39	0
20	40	0
20	41	0
20	42	0
20	43	0
20	44	0
20	45	0
20	46	0
20	47	0
20	48	0
20	49	0
20	50	0
21	1	0.8
21	2	0.4
21	3	0.8
21	4	0.6
21	5	0.6
21	6	0.4
21	7	0.4
21	8	0.4
21	9	0.4
21	10	0.4
21	11	0.4
21	12	0
21	13	0.8
21	14	0
21	15	0.8
21	16	0.6
21	17	0.6
21	18	0.6
21	19	0.6
21	20	0
21	21	1.0
21	22	0
21	23	0
21	24	0.2
21	25	0.6
21	26	0
21	27	0
21	28	0.6
21	29	0.2
21	30	0
21	31	0.8
21	32	0.8
21	33	0.6
21	34	0
21	35	0.6
21	36	0
21	37	0.6
21	38	0.6
21	39	0
21	40	0.8
21	41	0.8
21	42	0.6
21	43	0.6
21	44	0.6
21	45	0.8
21	46	0
21	47	0.6
21	48	0.6
21	49	0.6
21	50	0.8
22	1	0
22	2	0
22	3	0
22	4	0
22	5	0
22	6	0
22	7	0
22	8	0
22	9	0
22	10	0
22	11	0
22	12	0
22	13	0
22	14	0
22	15	0
22	16	0
22	17	0
22	18	0
22	19	0
22	20	0
22	21	0
22	22	1.0
22	23	0
22	24	0
22	25	0
22	26	0
22	27	0
22	28	0
22	29	0
22	30	0
22	31	0
22	32	0
22	33	0
22	34	1.0
22	35	0
22	36	0
22	37	0
22	38	0
22	39	1.0
22	40	0
22	41	0
22	42	0
22	43	0
22	44	0
22	45	0
22	46	0
22	47	0
22	48	0
22	49	0
22	50	0
23	1	0
23	2	0.4
23	3	0
23	4	0
23	5	0.2
23	6	0.4
23	7	0.4
23	8	0.4
23	9	0.4
23	10	0.4
23	11	0.4
23	12	0.8
23	13	0
23	14	0
23	15	0
23	16	0.2
23	17	0.2
23	18	0.2
23	19	0.2
23	20	0
23	21	0
23	22	0
23	23	1.0
23	24	0.6
23	25	0.2
23	26	0.8
23	27	1.0
23	28	0
23	29	0.6
23	30	0
23	31	0
23	32	0
23	33	0
23	34	0
23	35	0.2
23	36	1.0
23	37	0
23	38	0.2
23	39	0
23	40	0
23	41	0
23	42	0.2
23	43	0
23	44	0.2
23	45	0
23	46	1.0
23	47	0
23	48	0.2
23	49	0
23	50	0
24	1	0.4
24	2	0.8
24	3	0.4
24	4	0
24	5	0.6
24	6	0.8
24	7	0.8
24	8	0.8
24	9	0.8
24	10	0.8
24	11	0.8
24	12	0.8
24	13	0.4
24	14	0
24	15	0.4
24	16	0.6
24	17	0.6
24	18	0.6
24	19	0.6
24	20	0
24	21	0.2
24	22	0
24	23	0.6
24	24	1.0
24	25	0.6
24	26	0.8
24	27	0.6
24	28	0
24	29	1.0
24	30	0
24	31	0.4
24	32	0.4
24	33	0
24	34	0
24	35	0.6
24	36	0.6
24	37	0
24	38	0.6
24	39	0
24	40	0.4
24	41	0
24	42	0.6
24	43	0
24	44	0.6
24	45	0
24	46	0.6
24	47	0
24	48	0.6
24	49	0
24	50	0
25	1	0.8
25	2	0.8
25	3	0.8
25	4	0.2
25	5	1.0
25	6	0.8
25	7	0.8
25	8	0.8
25	9	0.8
25	10	0.8
25	11	0.8
25	12	0.4
25	13	0.8
25	14	0
25	15	0.8
25	16	1.0
25	17	1.0
25	18	1.0
25	19	1.0
25	20	0
25	21	0.6
25	22	0
25	23	0.2
25	24	0.6
25	25	1.0
25	26	0.4
25	27	0.2
25	28	0.2
25	29	0.6
25	30	0
25	31	0.8
25	32	0.8
25	33	0.2
25	34	0
25	35	1.0
25	36	0.2
25	37	0.2
25	38	1.0
25	39	0
25	40	0.8
25	41	0.4
25	42	1.0
25	43	0.2
25	44	1.0
25	45	0.4
25	46	0.2
25	47	0.2
25	48	1.0
25	49	0.2
25	50	0.4
26	1	0.2
26	2	0.6
26	3	0.2
26	4	0
26	5	0.4
26	6	0.6
26	7	0.6
26	8	0.6
26	9	0.6
26	10	0.6
26	11	0.6
26	12	1.0
26	13	0.2
26	14	0
26	15	0.2
26	16	0.4
26	17	0.4
26	18	0.4
26	19	0.4
26	20	0
26	21	0
26	22	0
26	23	0.8
26	24	0.8
26	25	0.4
26	26	1.0
26	27	0.8
26	28	0
26	29	0.8
26	30	0
26	31	0.2
26	32	0.2
26	33	0
26	34	0
26	35	0.4
26	36	0.8
26	37	0
26	38	0.4
26	39	0
26	40	0.2
26	41	0
26	42	0.4
26	43	0
26	44	0.4
26	45	0
26	46	0.8
26	47	0
26	48	0.4
26	49	0
26	50	0
27	1	0
27	2	0.4
27	3	0
27	4	0
27	5	0.2
27	6	0.4
27	7	0.4
27	8	0.4
27	9	0.4
27	10	0.4
27	11	0.4
27	12	0.8
27	13	0
27	14	0
27	15	0
27	16	0.2
27	17	0.2
27	18	0.2
27	19	0.2
27	20	0
27	21	0
27	22	0
27	23	1.0
27	24	0.6
27	25	0.2
27	26	0.8
27	27	1.0
27	28	0
27	29	0.6
27	30	0
27	31	0
27	32	0
27	33	0
27	34	0
27	35	0.2
27	36	1.0
27	37	0
27	38	0.2
27	39	0
27	40	0
27	41	0
27	42	0.2
27	43	0
27	44	0.2
27	45	0
27	46	1.0
27	47	0
27	48	0.2
27	49	0
27	50	0
28	1	0.4
28	2	0
28	3	0.4
28	4	1.0
28	5	0.2
28	6	0
28	7	0
28	8	0
28	9	0
28	10	0
28	11	0
28	12	0
28	13	0.4
28	14	0.4
28	15	0.4
28	16	0.2
28	17	0.2
28	18	0.2
28	19	0.2
28	20	0
28	21	0.6
28	22	0
28	23	0
28	24	0
28	25	0.2
28	26	0
28	27	0
28	28	1.0
28	29	0
28	30	0
28	31	0.4
28	32	0.4
28	33	1.0
28	34	0
28	35	0.2
28	36	0
28	37	1.0
28	38	0.2
28	39	0
28	40	0.4
28	41	0.8
28	42	0.2
28	43	1.0
28	44	0.2
28	45	0.8
28	46	0
28	47	1.0
28	48	0.2
28	49	1.0
28	50	0.8
29	1	0.4
29	2	0.8
29	3	0.4
29	4	0
29	5	0.6
29	6	0.8
29	7	0.8
29	8	0.8
29	9	0.8
29	10	0.8
29	11	0.8
29	12	0.8
29	13	0.4
29	14	0
29	15	0.4
29	16	0.6
29	17	0.6
29	18	0.6
29	19	0.6
29	20	0
29	21	0.2
29	22	0
29	23	0.6
29	24	1.0
29	25	0.6
29	26	0.8
29	27	0.6
29	28	0
29	29	1.0
29	30	0
29	31	0.4
29	32	0.4
29	33	0
29	34	0
29	35	0.6
29	36	0.6
29	37	0
29	38	0.6
29	39	0
29	40	0.4
29	41	0
29	42	0.6
29	43	0
29	44	0.6
29	45	0
29	46	0.6
29	47	0
29	48	0.6
29	49	0
29	50	0
30	1	0
30	2	0
30	3	0
30	4	0
30	5	0
30	6	0
30	7	0
30	8	0
30	9	0
30	10	0
30	11	0
30	12	0
30	13	0
30	14	0.6
30	15	0
30	16	0
30	17	0
30	18	0
30	19	0
30	20	1.0
30	21	0
30	22	0
30	23	0
30	24	0
30	25	0
30	26	0
30	27	0
30	28	0
30	29	0
30	30	1.0
30	31	0
30	32	0
30	33	0
30	34	0
30	35	0
30	36	0
30	37	0
30	38	0
30	39	0
30	40	0
30	41	0
30	42	0
30	43	0
30	44	0
30	45	0
30	46	0
30	47	0
30	48	0
30	49	0
30	50	0
31	1	1.0
31	2	0.6
31	3	1.0
31	4	0.4
31	5	0.8
31	6	0.6
31	7	0.6
31	8	0.6
31	9	0.6
31	10	0.6
31	11	0.6
31	12	0.2
31	13	1.0
31	14	0
31	15	1.0
31	16	0.8
31	17	0.8
31	18	0.8
31	19	0.8
31	20	0
31	21	0.8
31	22	0
31	23	0
31	24	0.4
31	25	0.8
31	26	0.2
31	27	0
31	28	0.4
31	29	0.4
31	30	0
31	31	1.0
31	32	1.0
31	33	0.4
31	34	0
31	35	0.8
31	36	0
31	37	0.4
31	38	0.8
31	39	0
31	40	1.0
31	41	0.6
31	42	0.8
31	43	0.4
31	44	0.8
31	45	0.6
31	46	0
31	47	0.4
31	48	0.8
31	49	0.4
31	50	0.6
32	1	1.0
32	2	0.6
32	3	1.0
32	4	0.4
32	5	0.8
32	6	0.6
32	7	0.6
32	8	0.6
32	9	0.6
32	10	0.6
32	11	0.6
32	12	0.2
32	13	1.0
32	14	0
32	15	1.0
32	16	0.8
32	17	0.8
32	18	0.8
32	19	0.8
32	20	0
32	21	0.8
32	22	0
32	23	0
32	24	0.4
32	25	0.8
32	26	0.2
32	27	0
32	28	0.4
32	29	0.4
32	30	0
32	31	1.0
32	32	1.0
32	33	0.4
32	34	0
32	35	0.8
32	36	0
32	37	0.4
32	38	0.8
32	39	0
32	40	1.0
32	41	0.6
32	42	0.8
32	43	0.4
32	44	0.8
32	45	0.6
32	46	0
32	47	0.4
32	48	0.8
32	49	0.4
32	50	0.6
33	1	0.4
33	2	0
33	3	0.4
33	4	1.0
33	5	0.2
33	6	0
33	7	0
33	8	0
33	9	0
33	10	0
33	11	0
33	12	0
33	13	0.4
33	14	0.4
33	15	0.4
33	16	0.2
33	17	0.2
33	18	0.2
33	19	0.2
33	20	0
33	21	0.6
33	22	0
33	23	0
33	24	0
33	25	0.2
33	26	0
33	27	0
33	28	1.0
33	29	0
33	30	0
33	31	0.4
33	32	0.4
33	33	1.0
33	34	0
33	35	0.2
33	36	0
33	37	1.0
33	38	0.2
33	39	0
33	40	0.4
33	41	0.8
33	42	0.2
33	43	1.0
33	44	0.2
33	45	0.8
33	46	0
33	47	1.0
33	48	0.2
33	49	1.0
33	50	0.8
34	1	0
34	2	0
34	3	0
34	4	0
34	5	0
34	6	0
34	7	0
34	8	0
34	9	0
34	10	0
34	11	0
34	12	0
34	13	0
34	14	0
34	15	0
34	16	0
34	17	0
34	18	0
34	19	0
34	20	0
34	21	0
34	22	1.0
34	23	0
34	24	0
34	25	0
34	26	0
34	27	0
34	28	0
34	29	0
34	30	0
34	31	0
34	32	0
34	33	0
34	34	1.0
34	35	0
34	36	0
34	37	0
34	38	0
34	39	1.0
34	40	0
34	41	0
34	42	0
34	43	0
34	44	0
34	45	0
34	46	0
34	47	0
34	48	0
34	49	0
34	50	0
35	1	0.8
35	2	0.8
35	3	0.8
35	4	0.2
35	5	1.0
35	6	0.8
35	7	0.8
35	8	0.8
35	9	0.8
35	10	0.8
35	11	0.8
35	12	0.4
35	13	0.8
35	14	0
35	15	0.8
35	16	1.0
35	17	1.0
35	18	1.0
35	19	1.0
35	20	0
35	21	0.6
35	22	0
35	23	0.2
35	24	0.6
35	25	1.0
35	26	0.4
35	27	0.2
35	28	0.2
35	29	0.6
35	30	0
35	31	0.8
35	32	0.8
35	33	0.2
35	34	0
35	35	1.0
35	36	0.2
35	37	0.2
35	38	1.0
35	39	0
35	40	0.8
35	41	0.4
35	42	1.0
35	43	0.2
35	44	1.0
35	45	0.4
35	46	0.2
35	47	0.2
35	48	1.0
35	49	0.2
35	50	0.4
36	1	0
36	2	0.4
36	3	0
36	4	0
36	5	0.2
36	6	0.4
36	7	0.4
36	8	0.4
36	9	0.4
36	10	0.4
36	11	0.4
36	12	0.8
36	13	0
36	14	0
36	15	0
36	16	0.2
36	17	0.2
36	18	0.2
36	19	0.2
36	20	0
36	21	0
36	22	0
36	23	1.0
36	24	0.6
36	25	0.2
36	26	0.8
36	27	1.0
36	28	0
36	29	0.6
36	30	0
36	31	0
36	32	0
36	33	0
36	34	0
36	35	0.2
36	36	1.0
36	37	0
36	38	0.2
36	39	0
36	40	0
36	41	0
36	42	0.2
36	43	0
36	44	0.2
36	45	0
36	46	1.0
36	47	0
36	48	0.2
36	49	0
36	50	0
37	1	0.4
37	2	0
37	3	0.4
37	4	1.0
37	5	0.2
37	6	0
37	7	0
37	8	0
37	9	0
37	10	0
37	11	0
37	12	0
37	13	0.4
37	14	0.4
37	15	0.4
37	16	0.2
37	17	0.2
37	18	0.2
37	19	0.2
37	20	0
37	21	0.6
37	22	0
37	23	0
37	24	0
37	25	0.2
37	26	0
37	27	0
37	28	1.0
37	29	0
37	30	0
37	31	0.4
37	32	0.4
37	33	1.0
37	34	0
37	35	0.2
37	36	0
37	37	1.0
37	38	0.2
37	39	0
37	40	0.4
37	41	0.8
37	42	0.2
37	43	1.0
37	44	0.2
37	45	0.8
37	46	0
37	47	1.0
37	48	0.2
37	49	1.0
37	50	0.8
38	1	0.8
38	2	0.8
38	3	0.8
38	4	0.2
38	5	1.0
38	6	0.8
38	7	0.8
38	8	0.8
38	9	0.8
38	10	0.8
38	11	0.8
38	12	0.4
38	13	0.8
38	14	0
38	15	0.8
38	16	1.0
38	17	1.0
38	18	1.0
38	19	1.0
38	20	0
38	21	0.6
38	22	0
38	23	0.2
38	24	0.6
38	25	1.0
38	26	0.4
38	27	0.2
38	28	0.2
38	29	0.6
38	30	0
38	31	0.8
38	32	0.8
38	33	0.2
38	34	0
38	35	1.0
38	36	0.2
38	37	0.2
38	38	1.0
38	39	0
38	40	0.8
38	41	0.4
38	42	1.0
38	43	0.2
38	44	1.0
38	45	0.4
38	46	0.2
38	47	0.2
38	48	1.0
38	49	0.2
38	50	0.4
39	1	0
39	2	0
39	3	0
39	4	0
39	5	0
39	6	0
39	7	0
39	8	0
39	9	0
39	10	0
39	11	0
39	12	0
39	13	0
39	14	0
39	15	0
39	16	0
39	17	0
39	18	0
39	19	0
39	20	0
39	21	0
39	22	1.0
39	23	0
39	24	0
39	25	0
39	26	0
39	27	0
39	28	0
39	29	0
39	30	0
39	31	0
39	32	0
39	33	0
39	34	1.0
39	35	0
39	36	0
39	37	0
39	38	0
39	39	1.0
39	40	0
39	41	0
39	42	0
39	43	0
39	44	0
39	45	0
39	46	0
39	47	0
39	48	0
39	49	0
39	50	0
40	1	1.0
40	2	0.6
40	3	1.0
40	4	0.4
40	5	0.8
40	6	0.6
40	7	0.6
40	8	0.6
40	9	0.6
40	10	0.6
40	11	0.6
40	12	0.2
40	13	1.0
40	14	0
40	15	1.0
40	16	0.8
40	17	0.8
40	18	0.8
40	19	0.8
40	20	0
40	21	0.8
40	22	0
40	23	0
40	24	0.4
40	25	0.8
40	26	0.2
40	27	0
40	28	0.4
40	29	0.4
40	30	0
40	31	1.0
40	32	1.0
40	33	0.4
40	34	0
40	35	0.8
40	36	0
40	37	0.4
40	38	0.8
40	39	0
40	40	1.0
40	41	0.6
40	42	0.8
40	43	0.4
40	44	0.8
40	45	0.6
40	46	0
40	47	0.4
40	48	0.8
40	49	0.4
40	50	0.6
41	1	0.6
41	2	0.2
41	3	0.6
41	4	0.8
41	5	0.4
41	6	0.2
41	7	0.2
41	8	0.2
41	9	0.2
41	10	0.2
41	11	0.2
41	12	0
41	13	0.6
41	14	0.2
41	15	0.6
41	16	0.4
41	17	0.4
41	18	0.4
41	19	0.4
41	20	0
41	21	0.8
41	22	0
41	23	0
41	24	0
41	25	0.4
41	26	0
41	27	0
41	28	0.8
41	29	0
41	30	0
41	31	0.6
41	32	0.6
41	33	0.8
41	34	0
41	35	0.4
41	36	0
41	37	0.8
41	38	0.4
41	39	0
41	40	0.6
41	41	1.0
41	42	0.4
41	43	0.8
41	44	0.4
41	45	1.0
41	46	0
41	47	0.8
41	48	0.4
41	49	0.8
41	50	1.0
42	1	0.8
42	2	0.8
42	3	0.8
42	4	0.2
42	5	1.0
42	6	0.8
42	7	0.8
42	8	0.8
42	9	0.8
42	10	0.8
42	11	0.8
42	12	0.4
42	13	0.8
42	14	0
42	15	0.8
42	16	1.0
42	17	1.0
42	18	1.0
42	19	1.0
42	20	0
42	21	0.6
42	22	0
42	23	0.2
42	24	0.6
42	25	1.0
42	26	0.4
42	27	0.2
42	28	0.2
42	29	0.6
42	30	0
42	31	0.8
42	32	0.8
42	33	0.2
42	34	0
42	35	1.0
42	36	0.2
42	37	0.2
42	38	1.0
42	39	0
42	40	0.8
42	41	0.4
42	42	1.0
42	43	0.2
42	44	1.0
42	45	0.4
42	46	0.2
42	47	0.2
42	48	1.0
42	49	0.2
42	50	0.4
43	1	0.4
43	2	0
43	3	0.4
43	4	1.0
43	5	0.2
43	6	0
43	7	0
43	8	0
43	9	0
43	10	0
43	11	0
43	12	0
43	13	0.4
43	14	0.4
43	15	0.4
43	16	0.2
43	17	0.2
43	18	0.2
43	19	0.2
43	20	0
43	21	0.6
43	22	0
43	23	0
43	24	0
43	25	0.2
43	26	0
43	27	0
43	28	1.0
43	29	0
43	30	0
43	31	0.4
43	32	0.4
43	33	1.0
43	34	0
43	35	0.2
43	36	0
43	37	1.0
43	38	0.2
43	39	0
43	40	0.4
43	41	0.8
43	42	0.2
43	43	1.0
43	44	0.2
43	45	0.8
43	46	0
43	47	1.0
43	48	0.2
43	49	1.0
43	50	0.8
44	1	0.8
44	2	0.8
44	3	0.8
44	4	0.2
44	5	1.0
44	6	0.8
44	7	0.8
44	8	0.8
44	9	0.8
44	10	0.8
44	11	0.8
44	12	0.4
44	13	0.8
44	14	0
44	15	0.8
44	16	1.0
44	17	1.0
44	18	1.0
44	19	1.0
44	20	0
44	21	0.6
44	22	0
44	23	0.2
44	24	0.6
44	25	1.0
44	26	0.4
44	27	0.2
44	28	0.2
44	29	0.6
44	30	0
44	31	0.8
44	32	0.8
44	33	0.2
44	34	0
44	35	1.0
44	36	0.2
44	37	0.2
44	38	1.0
44	39	0
44	40	0.8
44	41	0.4
44	42	1.0
44	43	0.2
44	44	1.0
44	45	0.4
44	46	0.2
44	47	0.2
44	48	1.0
44	49	0.2
44	50	0.4
45	1	0.6
45	2	0.2
45	3	0.6
45	4	0.8
45	5	0.4
45	6	0.2
45	7	0.2
45	8	0.2
45	9	0.2
45	10	0.2
45	11	0.2
45	12	0
45	13	0.6
45	14	0.2
45	15	0.6
45	16	0.4
45	17	0.4
45	18	0.4
45	19	0.4
45	20	0
45	21	0.8
45	22	0
45	23	0
45	24	0
45	25	0.4
45	26	0
45	27	0
45	28	0.8
45	29	0
45	30	0
45	31	0.6
45	32	0.6
45	33	0.8
45	34	0
45	35	0.4
45	36	0
45	37	0.8
45	38	0.4
45	39	0
45	40	0.6
45	41	1.0
45	42	0.4
45	43	0.8
45	44	0.4
45	45	1.0
45	46	0
45	47	0.8
45	48	0.4
45	49	0.8
45	50	1.0
46	1	0
46	2	0.4
46	3	0
46	4	0
46	5	0.2
46	6	0.4
46	7	0.4
46	8	0.4
46	9	0.4
46	10	0.4
46	11	0.4
46	12	0.8
46	13	0
46	14	0
46	15	0
46	16	0.2
46	17	0.2
46	18	0.2
46	19	0.2
46	20	0
46	21	0
46	22	0
46	23	1.0
46	24	0.6
46	25	0.2
46	26	0.8
46	27	1.0
46	28	0
46	29	0.6
46	30	0
46	31	0
46	32	0
46	33	0
46	34	0
46	35	0.2
46	36	1.0
46	37	0
46	38	0.2
46	39	0
46	40	0
46	41	0
46	42	0.2
46	43	0
46	44	0.2
46	45	0
46	46	1.0
46	47	0
46	48	0.2
46	49	0
46	50	0
47	1	0.4
47	2	0
47	3	0.4
47	4	1.0
47	5	0.2
47	6	0
47	7	0
47	8	0
47	9	0
47	10	0
47	11	0
47	12	0
47	13	0.4
47	14	0.4
47	15	0.4
47	16	0.2
47	17	0.2
47	18	0.2
47	19	0.2
47	20	0
47	21	0.6
47	22	0
47	23	0
47	24	0
47	25	0.2
47	26	0
47	27	0
47	28	1.0
47	29	0
47	30	0
47	31	0.4
47	32	0.4
47	33	1.0
47	34	0
47	35	0.2
47	36	0
47	37	1.0
47	38	0.2
47	39	0
47	40	0.4
47	41	0.8
47	42	0.2
47	43	1.0
47	44	0.2
47	45	0.8
47	46	0
47	47	1.0
47	48	0.2
47	49	1.0
47	50	0.8
48	1	0.8
48	2	0.8
48	3	0.8
48	4	0.2
48	5	1.0
48	6	0.8
48	7	0.8
48	8	0.8
48	9	0.8
48	10	0.8
48	11	0.8
48	12	0.4
48	13	0.8
48	14	0
48	15	0.8
48	16	1.0
48	17	1.0
48	18	1.0
48	19	1.0
48	20	0
48	21	0.6
48	22	0
48	23	0.2
48	24	0.6
48	25	1.0
48	26	0.4
48	27	0.2
48	28	0.2
48	29	0.6
48	30	0
48	31	0.8
48	32	0.8
48	33	0.2
48	34	0
48	35	1.0
48	36	0.2
48	37	0.2
48	38	1.0
48	39	0
48	40	0.8
48	41	0.4
48	42	1.0
48	43	0.2
48	44	1.0
48	45	0.4
48	46	0.2
48	47	0.2
48	48	1.0
48	49	0.2
48	50	0.4
49	1	0.4
49	2	0
49	3	0.4
49	4	1.0
49	5	0.2
49	6	0
49	7	0
49	8	0
49	9	0
49	10	0
49	11	0
49	12	0
49	13	0.4
49	14	0.4
49	15	0.4
49	16	0.2
49	17	0.2
49	18	0.2
49	19	0.2
49	20	0
49	21	0.6
49	22	0
49	23	0
49	24	0
49	25	0.2
49	26	0
49	27	0
49	28	1.0
49	29	0
49	30	0
49	31	0.4
49	32	0.4
49	33	1.0
49	34	0
49	35	0.2
49	36	0
49	37	1.0
49	38	0.2
49	39	0
49	40	0.4
49	41	0.8
49	42	0.2
49	43	1.0
49	44	0.2
49	45	0.8
49	46	0
49	47	1.0
49	48	0.2
49	49	1.0
49	50	0.8
50	1	0.6
50	2	0.2
50	3	0.6
50	4	0.8
50	5	0.4
50	6	0.2
50	7	0.2
50	8	0.2
50	9	0.2
50	10	0.2
50	11	0.2
50	12	0
50	13	0.6
50	14	0.2
50	15	0.6
50	16	0.4
50	17	0.4
50	18	0.4
50	19	0.4
50	20	0
50	21	0.8
50	22	0
50	23	0
50	24	0
50	25	0.4
50	26	0
50	27	0
50	28	0.8
50	29	0
50	30	0
50	31	0.6
50	32	0.6
50	33	0.8
50	34	0
50	35	0.4
50	36	0
50	37	0.8
50	38	0.4
50	39	0
50	40	0.6
50	41	1.0
50	42	0.4
50	43	0.8
50	44	0.4
50	45	1.0
50	46	0
50	47	0.8
50	48	0.4
50	49	0.8
50	50	1.0
