11	11	
11	53	1.39819569407085e-06
11	12	0.0281471429095401
11	50	0.0984799134051834
11	52	0
11	34	0.0431935203972709
11	48	8.90396679545147e-07
11	8	0.1536518276378
11	29	0.0401715700184598
11	3	0.0412024608501411
11	9	0.181924195081678
11	13	0
11	54	0.229875158411701
11	36	1.05397611755543e-06
11	20	3.51936276274646e-06
11	46	0.121141976640592
11	6	2.96433792944556e-06
11	44	8.39463161249535e-05
11	43	0.0475307682969108
11	51	0.0336194666379043
11	24	0.0258438611451808
11	31	0.026743730544711
11	41	6.54503913975619e-05
11	35	0.0513687469870267
11	19	2.63882395027281e-06
11	39	0.000149714279817405
11	49	9.86389649268618e-07
11	23	3.19495621209453e-06
11	22	2.1886839706059e-06
11	21	0.0481106630631949
11	37	0
11	7	5.84906387846647e-05
11	10	0.0436228085219423
11	27	0.0412171141122822
11	30	0.204026991142556
11	4	8.58855158916566e-07
11	18	0.15354880580288
11	32	6.57590933701755e-05
11	45	0.0950885052259476
11	15	0.151341260261575
11	42	9.97094339662373e-05
11	33	0.206927082709224
11	25	0.0968513838627548
11	1	0.180291874978097
11	16	0.0660988237914457
11	17	0.0559810552417045
11	2	0.0436049409659105
11	14	0.464899912660342
11	47	0.0592391060361739
11	38	0
11	5	0.116967942128712
11	26	0.0442372191092304
11	40	2.32267779200448e-06
11	28	0.0259800639781616
53	11	1.39819569407085e-06
53	53	
53	12	0.00758902907412218
53	50	0.451974180655486
53	52	0.365004659296607
53	34	0.516985599568525
53	48	0.402056798182318
53	8	0.0377416386711051
53	29	0.212103044359839
53	3	0.471460853138701
53	9	0.0705217584220051
53	13	0.0840249252439617
53	54	0
53	36	0.0482277949162132
53	20	0.106997977250138
53	46	0.0428193003612655
53	6	0.0990190400719339
53	44	0.109735824632222
53	43	3.63467240591915e-05
53	51	0.430810326225072
53	24	0.27669540150763
53	31	0.274615691779999
53	41	0.0217614589657599
53	35	0.0566155952824721
53	19	2.83734850581852e-05
53	39	0.0491025623859195
53	49	0.467883725230282
53	23	0.121674861564879
53	22	0.135477958903325
53	21	0.305600930823387
53	37	0.0430511658293251
53	7	0.129696264929336
53	10	5.66973790890506e-05
53	27	5.14672274962719e-07
53	30	0.0813962562507672
53	4	8.21822592313084e-05
53	18	0.0416533534133214
53	32	1.31350512661846e-05
53	45	0.000607687147042429
53	15	0.0359615003499821
53	42	0.062018680539185
53	33	0.0559827428872458
53	25	0.513656977195284
53	1	0.0634934759090933
53	16	0.653577908268395
53	17	0.301564683505333
53	2	0.474867133544627
53	14	0.03074622197657
53	47	0.362789908197485
53	38	0.0591251309051539
53	5	0
53	26	3.12755520194434e-05
53	40	0.106209898877264
53	28	0.0121374033793052
12	11	0.0281471429095401
12	53	0.00758902907412218
12	12	
12	50	0.0211049686844537
12	52	0.0105280903411447
12	34	0.0422417801708085
12	48	0.293110861669081
12	8	0.122471296720001
12	29	0.428085522562798
12	3	0.230113661238123
12	9	0.0342161034581543
12	13	0.0657684569049554
12	54	0.0595490916178965
12	36	0.0235514527084266
12	20	0.0174558778240909
12	46	0.0255806387016586
12	6	0.0256946569821955
12	44	0.0522167818055893
12	43	0.0954649396508045
12	51	0.0284872750352761
12	24	0.0332184563230583
12	31	0.0147638903552304
12	41	0.0794223725489175
12	35	0.0543650023258373
12	19	0.210788258356293
12	39	0.112367914917505
12	49	0.010631692893871
12	23	0.0530851841931957
12	22	0.0407872695833491
12	21	0.331243353397173
12	37	0.0043692925780175
12	7	0.076863466648877
12	10	0.0314340905298583
12	27	0.0927095199794553
12	30	0.0098470722055711
12	4	0.00359434610484698
12	18	0.0141779751554615
12	32	0.0285336601057036
12	45	0.0247148782862634
12	15	0.0179871403633943
12	42	0.0238114617979795
12	33	0.0500889694385277
12	25	0.0169589296948356
12	1	0.032273275012847
12	16	0.0813684068930585
12	17	0.364268222334215
12	2	1.49721346810048e-05
12	14	0.0204222363464754
12	47	0.0140528596361936
12	38	0.000808124113758215
12	5	0.0156092300321505
12	26	0.01200463179107
12	40	0.050853185181822
12	28	0.0237152366849638
50	11	0.0984799134051834
50	53	0.451974180655486
50	12	0.0211049686844537
50	50	
50	52	0.0291505597743269
50	34	0.720858001258735
50	48	0.546335761449746
50	8	0.0957311611486863
50	29	0.30821003051852
50	3	0.659137127639725
50	9	0.2753970995808
50	13	0.170268823059421
50	54	0.000154018260643658
50	36	0.0179308238507885
50	20	0.0196806319884458
50	46	0.0716340688170924
50	6	0.000503930277689137
50	44	0.0203045264536439
50	43	2.66923855407877e-05
50	51	0.48214625811982
50	24	0.0767092878595075
50	31	0.436654008849738
50	41	0.0332350273346582
50	35	0.0433632292704815
50	19	0.0569940434861504
50	39	0.0184734236860033
50	49	0.620752984949379
50	23	0.176817686181471
50	22	0.0313966627335485
50	21	0.442242645968802
50	37	0.0406680354822618
50	7	0.0598317865760256
50	10	0.226498070482028
50	27	0.0254557469516011
50	30	0.038386255918093
50	4	0.0152490547509158
50	18	0.157427047002422
50	32	0.0629483392319744
50	45	6.55825206340079e-05
50	15	0.234884644548628
50	42	0.0845747120848265
50	33	0.0413265970917452
50	25	0.0128239510522033
50	1	0.04679353544563
50	16	0.576496805492472
50	17	0.401281071490123
50	2	0.772893082651723
50	14	0.31854603716931
50	47	0.472424836381405
50	38	0.0601707999226445
50	5	0.117437376107134
50	26	0.191851117513643
50	40	0.078045878973379
50	28	0.22913126748761
52	11	0
52	53	0.365004659296607
52	12	0.0105280903411447
52	50	0.0291505597743269
52	52	
52	34	0.0845253110001941
52	48	0.0241368094962694
52	8	0.0263785450580726
52	29	0.0129685781981772
52	3	0.0540181798284221
52	9	0.0838916219753087
52	13	0.0666162049531892
52	54	0
52	36	0.0290270506224058
52	20	0.127204595411102
52	46	0.0260648686607601
52	6	0.0408197044063517
52	44	0.0653136888160791
52	43	4.17140051919753e-05
52	51	0.0626403308866099
52	24	0.154270422335247
52	31	0.0167405542546342
52	41	0.0537605578727092
52	35	0.0342694385982227
52	19	0.00199816854874265
52	39	0.0298083428731014
52	49	0.0534666025771392
52	23	0.119471953291604
52	22	0.0791000779482188
52	21	0.0458260629692981
52	37	0.0258621000058884
52	7	0.132359140839449
52	10	0.0104591751163694
52	27	0.000179737579571538
52	30	0.121812513644483
52	4	0.00204504457956835
52	18	0.0248517140271926
52	32	0.0538311511419055
52	45	0.00010616981766082
52	15	0.0456928628971463
52	42	0.0215597350124183
52	33	0.0335357012649817
52	25	0.317799748861353
52	1	0.0380344454511094
52	16	0.233485287263105
52	17	0.0363717994532887
52	2	0.0570178058973949
52	14	0.0184219578726516
52	47	0.020927424581892
52	38	0.0353924387767271
52	5	0
52	26	0.000701275259888558
52	40	0.063437552741914
52	28	3.07833120419135e-05
34	11	0.0431935203972709
34	53	0.516985599568525
34	12	0.0422417801708085
34	50	0.720858001258735
34	52	0.0845253110001941
34	34	
34	48	0.567912615057131
34	8	0.000103457970948441
34	29	0.299576229374831
34	3	0.701149045991953
34	9	0.0740630304330438
34	13	0.0833182273046299
34	54	0.187890856651105
34	36	0.0640839021973762
34	20	0.0397768742833211
34	46	0.0317254962741741
34	6	2.42293250308224e-06
34	44	0.0407325573778463
34	43	1.87390090537853e-06
34	51	0.513203376170987
34	24	0.122287272630292
34	31	0.387656155746646
34	41	0.0643818652149162
34	35	0.0839705237567246
34	19	0.112949889794236
34	39	0.0416567476957221
34	49	0.629124048691519
34	23	0.0721861422942969
34	22	0.0247262180836697
34	21	0.397184454760409
34	37	0.0638949652622681
34	7	0.110242593274336
34	10	0.134800412526516
34	27	7.6562815975857e-07
34	30	0.0605642435210552
34	4	1.35721418234075e-05
34	18	0.0309320875074079
34	32	0.122498450308914
34	45	0
34	15	0
34	42	0.024081165434188
34	33	0.0833626221944621
34	25	1.26818032849155e-05
34	1	0.0471959849910704
34	16	0.519495025366698
34	17	0.426997748555953
34	2	0.670752258063554
34	14	0.109480601491069
34	47	0.491551967863427
34	38	0.0874832130985288
34	5	0.0464220030376001
34	26	0.0680918514027336
34	40	0.157430426077142
34	28	0.0212350760753573
48	11	8.90396679545147e-07
48	53	0.402056798182318
48	12	0.293110861669081
48	50	0.546335761449746
48	52	0.0241368094962694
48	34	0.567912615057131
48	48	
48	8	9.42831855639908e-07
48	29	0.630618364086431
48	3	0.740552082516001
48	9	1.01676916880116e-05
48	13	0.0713343098224269
48	54	0
48	36	0.0305815096368697
48	20	0.0602418838359642
48	46	0.0392431791374818
48	6	0.000148006587695006
48	44	0.0791925713216394
48	43	8.02185980698189e-07
48	51	0.417219010477529
48	24	8.65069064546534e-06
48	31	0.331958429914039
48	41	0
48	35	0.0359463922324761
48	19	9.23320480481282e-07
48	39	0.0312694129233713
48	49	0.538634852201989
48	23	0.0309016934582634
48	22	0.0306608904010992
48	21	0.707873394058691
48	37	0.0273523777183061
48	7	0.0235949567905333
48	10	2.69074489894503e-05
48	27	3.27752750651462e-07
48	30	0.0259107390054893
48	4	1.13195067136621e-05
48	18	0.0273244024531055
48	32	0
48	45	0
48	15	0.000729093245298952
48	42	0.0285860640832499
48	33	0.0356269044708936
48	25	1.03237626786999e-05
48	1	0.0404066664544662
48	16	0.432396050824938
48	17	0.703623504361361
48	2	0.574379805644072
48	14	0.0196466119891286
48	47	0.430762572699402
48	38	0.0375945973320457
48	5	0
48	26	3.51217768261857e-07
48	40	0.0673933612881816
48	28	6.2350190650525e-05
8	11	0.1536518276378
8	53	0.0377416386711051
8	12	0.122471296720001
8	50	0.0957311611486863
8	52	0.0263785450580726
8	34	0.000103457970948441
8	48	9.42831855639908e-07
8	8	
8	29	0.0438714867600822
8	3	1.05223448641517e-06
8	9	0.257609860567951
8	13	0.360439922599618
8	54	0.000538906065235038
8	36	1.11604443451268e-06
8	20	0.0480003181876454
8	46	0.126578307824301
8	6	0.0433849858377086
8	44	0.038606611437864
8	43	2.42763691033878e-06
8	51	0.114968322988002
8	24	0.0810087111338629
8	31	0.0936636773608188
8	41	0.00240184165918128
8	35	0.00271791685527325
8	19	0.00212758766651392
8	39	0.0120765075504999
8	49	0.0288718451741263
8	23	0.160287474338277
8	22	0.128587162317074
8	21	0.113404381005433
8	37	0.0124444788033325
8	7	0.0804160223404939
8	10	0.10170744428799
8	27	0.0685055097439812
8	30	0.0262301008198143
8	4	0.0115469332847016
8	18	0.152531565258706
8	32	0.00241317013625014
8	45	0.134289227842279
8	15	0.191347545342822
8	42	0.0818890012455828
8	33	0.0900380238146768
8	25	0.0697516570193684
8	1	0.173025416497961
8	16	0.164448368234177
8	17	0.0875702799652946
8	2	0.0967170443966673
8	14	0.125515357468467
8	47	0.0276058763979872
8	38	0
8	5	0.0850884594743657
8	26	0.184129834400235
8	40	2.45945954538811e-06
8	28	0.234189979338572
29	11	0.0401715700184598
29	53	0.212103044359839
29	12	0.428085522562798
29	50	0.30821003051852
29	52	0.0129685781981772
29	34	0.299576229374831
29	48	0.630618364086431
29	8	0.0438714867600822
29	29	
29	3	0.719209633568729
29	9	0.0498596163503458
29	13	0.0376256707153602
29	54	0.000140890416534487
29	36	0.0166747679125379
29	20	0.0192277349856802
29	46	0.0673922173240464
29	6	0.000766915330148689
29	44	0.0199474992180355
29	43	4.88344862670742e-05
29	51	0.232646812790865
29	24	0.0340226693096573
29	31	0.195780958628323
29	41	0.000238752201554278
29	35	0.0197147201197074
29	19	3.81218556084034e-05
29	39	0.0172497724274057
29	49	0.284147001406026
29	23	0.0419166106979822
29	22	0.0286846983442769
29	21	0.653561133832673
29	37	0.0373445877712029
29	7	0.012717961332769
29	10	7.72802302514563e-05
29	27	0.0154171914318567
29	30	0.0351229128294002
29	4	8.50342829152962e-05
29	18	0.0428181861380465
29	32	3.30964037833547e-05
29	45	0.0351182791574453
29	15	0.018911917681028
29	42	0.0556468725182193
29	33	0.0579050447992098
29	25	0.0241467621068044
29	1	0.088220325807649
29	16	0.235530503215977
29	17	0.753933801265148
29	2	0.319009777773714
29	14	0.010491188188921
29	47	0.221987323949955
29	38	0.0202009387401726
29	5	0.10870915846272
29	26	0.0800523394054231
29	40	0.0361474762108405
29	28	0.000629634575396755
3	11	0.0412024608501411
3	53	0.471460853138701
3	12	0.230113661238123
3	50	0.659137127639725
3	52	0.0540181798284221
3	34	0.701149045991953
3	48	0.740552082516001
3	8	1.05223448641517e-06
3	29	0.719209633568729
3	3	
3	9	0.0504636089749077
3	13	0.0795764853097603
3	54	0
3	36	0.0347138302631166
3	20	0.0379891597637678
3	46	0.0306039580254262
3	6	0.000681223591613603
3	44	0.0393587380671162
3	43	8.95268597852498e-07
3	51	0.490536382953297
3	24	0.0607853378871219
3	31	0.37059885746343
3	41	0.0617745403466393
3	35	0.0808019199684334
3	19	0.0284843340665285
3	39	0.0356395104629794
3	49	0.601135996500033
3	23	0.069175983640257
3	22	0.0236947061489317
3	21	0.648029827814791
3	37	0.0307425134646275
3	7	0.105468365694859
3	10	0.0339564034540755
3	27	0.00021526145039854
3	30	0.0289045421333317
3	4	0.0106338233959863
3	18	0.0590566095259723
3	32	0.030878261259656
3	45	0.000410734508269992
3	15	0
3	42	0.0229125670334032
3	33	0.0798030422808932
3	25	0.0247094330392565
3	1	0.0905089972989848
3	16	0.496561524772142
3	17	0.690665831961872
3	2	0.674966860234445
3	14	0.0438192348779148
3	47	0.469631593141761
3	38	0.0839730091306839
3	5	0.0885663739464185
3	26	0.065238495357265
3	40	0.151179541469513
3	28	0.0203496974804452
9	11	0.181924195081678
9	53	0.0705217584220051
9	12	0.0342161034581543
9	50	0.2753970995808
9	52	0.0838916219753087
9	34	0.0740630304330438
9	48	1.01676916880116e-05
9	8	0.257609860567951
9	29	0.0498596163503458
9	3	0.0504636089749077
9	9	
9	13	0.31765847972677
9	54	0.000231433876958127
9	36	0.000906711477457673
9	20	0.088488626807228
9	46	0.124067741980672
9	6	0.112839153316591
9	44	0.119830866671638
9	43	0.000825751503731226
9	51	0.156213929481131
9	24	0.126505414090884
9	31	0.143084718331884
9	41	0.0901984059873457
9	35	0.0329191074818856
9	19	0.0651222211774676
9	39	0.0020177562864231
9	49	0.0743919056661655
9	23	0.43977361092476
9	22	0.239936483468178
9	21	0.13231884602133
9	37	0.0745441445294688
9	7	0.32932537377528
9	10	0.218462805381983
9	27	0.0253242232173354
9	30	0.151501115349341
9	4	9.8075101369233e-06
9	18	0.191298996622932
9	32	0.0506663138424701
9	45	0.0582919914384951
9	15	0.522842687930691
9	42	0.11198024145326
9	33	0.0332983763607309
9	25	0.0960404912577199
9	1	0.0748016077659787
9	16	0.279169110689214
9	17	0.0501617851322038
9	2	0.166107452379538
9	14	0.50048253278372
9	47	0.000595664144944142
9	38	0.0331120079902416
9	5	0.287206604832441
9	26	0.394222992404959
9	40	0.0595614127275665
9	28	0.313198165759068
13	11	0
13	53	0.0840249252439617
13	12	0.0657684569049554
13	50	0.170268823059421
13	52	0.0666162049531892
13	34	0.0833182273046299
13	48	0.0713343098224269
13	8	0.360439922599618
13	29	0.0376256707153602
13	3	0.0795764853097603
13	9	0.31765847972677
13	13	
13	54	0
13	36	0.0422010942877408
13	20	0.0939848195239289
13	46	0.0374988833664692
13	6	0.118691782837934
13	44	0.0960877347934581
13	43	0
13	51	0.12239300662273
13	24	0.0998444783668943
13	31	0.100806024572608
13	41	0.0380015240398301
13	35	0.0992063845198396
13	19	0.0352194123058817
13	39	0.0431503695785689
13	49	0.078989878233265
13	23	0.261883002758508
13	22	0.116846238507232
13	21	0.0933619166918602
13	37	0.0377454940828312
13	7	0.162752747738074
13	10	0.173960635210013
13	27	0
13	30	0.142989242170443
13	4	3.04117908743668e-05
13	18	0.151272491029928
13	32	0.0381807612480869
13	45	0
13	15	0.261761346106306
13	42	0.0567105267736715
13	33	0.0491635099970301
13	25	0.0305793292363341
13	1	0.055758692039629
13	16	0.19018375775292
13	17	0.0509453386879134
13	2	0.174389134204285
13	14	0.223646993511681
13	47	0.0308823202402702
13	38	0.10340584942351
13	5	0.109511722496989
13	26	0.24683007968233
13	40	0.185999555146974
13	28	0.261529352248504
54	11	0.229875158411701
54	53	0
54	12	0.0595490916178965
54	50	0.000154018260643658
54	52	0
54	34	0.187890856651105
54	48	0
54	8	0.000538906065235038
54	29	0.000140890416534487
54	3	0
54	9	0.000231433876958127
54	13	0
54	54	
54	36	0
54	20	0
54	46	0
54	6	0
54	44	0.000359962410885615
54	43	0
54	51	0
54	24	0
54	31	0
54	41	0.00028472146294443
54	35	0
54	19	0
54	39	0.000646597033325609
54	49	0
54	23	0
54	22	0
54	21	0
54	37	0
54	7	0.000243837619393196
54	10	0.000629162194571838
54	27	0
54	30	0.000267772860390862
54	4	0
54	18	0
54	32	0.000286064374352285
54	45	0
54	15	0
54	42	0.000424520796774515
54	33	0.222203569977327
54	25	0
54	1	0
54	16	0
54	17	0.000190682021505937
54	2	0
54	14	0.00020225879517419
54	47	0.000231177312934638
54	38	0
54	5	0.000410251149483197
54	26	0.000301124825814514
54	40	0
54	28	0
36	11	1.05397611755543e-06
36	53	0.0482277949162132
36	12	0.0235514527084266
36	50	0.0179308238507885
36	52	0.0290270506224058
36	34	0.0640839021973762
36	48	0.0305815096368697
36	8	1.11604443451268e-06
36	29	0.0166747679125379
36	3	0.0347138302631166
36	9	0.000906711477457673
36	13	0.0422010942877408
36	54	0
36	36	
36	20	0.181605330691808
36	46	0.13709363887902
36	6	0.00171742765251526
36	44	0.0422589965558932
36	43	0.0740786828472818
36	51	0.240732134392969
36	24	0.000252061800030065
36	31	0.340263178842959
36	41	0.000557544224413915
36	35	0.129310924940507
36	19	0.215671956290178
36	39	0.0385874660762615
36	49	0.275731111787456
36	23	0.0369900745488085
36	22	0.0251989413401915
36	21	0.019443215411947
36	37	0.033097207475497
36	7	0.0284629569297314
36	10	0
36	27	0.000456242845522248
36	30	0.280169155621077
36	4	0.0959102455588981
36	18	0.13314887561
36	32	0
36	45	0.000435642404744528
36	15	0.193450239108556
36	42	0.0243673399631846
36	33	0.5053578740664
36	25	0.000141479107936845
36	1	0.0486362183598072
36	16	0.0270112561775709
36	17	0.0223165491445577
36	2	0.036120167160219
36	14	0.0234844886922814
36	47	0.0264672284117371
36	38	0.0454257880784533
36	5	0
36	26	0.000581547465688348
36	40	0.242777377268109
36	28	6.34154905061389e-05
20	11	3.51936276274646e-06
20	53	0.106997977250138
20	12	0.0174558778240909
20	50	0.0196806319884458
20	52	0.127204595411102
20	34	0.0397768742833211
20	48	0.0602418838359642
20	8	0.0480003181876454
20	29	0.0192277349856802
20	3	0.0379891597637678
20	9	0.088488626807228
20	13	0.0939848195239289
20	54	0
20	36	0.181605330691808
20	20	
20	46	0.165451758454387
20	6	0.0569690443480762
20	44	0.174141916635299
20	43	0.0824548859232577
20	51	0.127830682814492
20	24	0.0417649837690305
20	31	0.0234952217622491
20	41	0
20	35	0.0478727828282757
20	19	9.40077363502473e-05
20	39	0.164373719762251
20	49	0.0755182000078364
20	23	0.122360171339345
20	22	0.257425368364777
20	21	0.0944886028032751
20	37	0.0498842217956426
20	7	0.136160949822209
20	10	3.54512680282181e-05
20	27	0.0134714038007259
20	30	0.102475745694056
20	4	0.119118115709257
20	18	0.161346621478169
20	32	0
20	45	0.215921688864894
20	15	0.0603451842785262
20	42	0.0750057687986911
20	33	0.229097778483485
20	25	0.105581545756055
20	1	0.0533824615541556
20	16	0.0887783871655417
20	17	0.0336580306936646
20	2	0.0402042750521288
20	14	0.0931613228496386
20	47	0.117549831537746
20	38	0.0497609088454557
20	5	0
20	26	0.000104501121732983
20	40	0.0890332566548378
20	28	0.00953033972303279
46	11	0.121141976640592
46	53	0.0428193003612655
46	12	0.0255806387016586
46	50	0.0716340688170924
46	52	0.0260648686607601
46	34	0.0317254962741741
46	48	0.0392431791374818
46	8	0.126578307824301
46	29	0.0673922173240464
46	3	0.0306039580254262
46	9	0.124067741980672
46	13	0.0374988833664692
46	54	0
46	36	0.13709363887902
46	20	0.165451758454387
46	46	
46	6	0.000762903376610315
46	44	0.0727367813068598
46	43	0.035000759929922
46	51	0.0818980784309787
46	24	0.0633004799235887
46	31	0.0581827849593934
46	41	0.000307453832335377
46	35	0.0807668330817795
46	19	3.70063013647778e-05
46	39	0.0459202839111444
46	49	0.0301174175146212
46	23	0.0838956113186643
46	22	0.0670827208177579
46	21	0.0756619362406496
46	37	0.0848978896174203
46	7	0.0343758805820567
46	10	4.76100324667765e-05
46	27	0.0715684346813339
46	30	0.0975837469663238
46	4	0.17996359835712
46	18	0.363606129349964
46	32	1.75806649703618e-05
46	45	0.140284830231052
46	15	0.0619551190334507
46	42	0.0891922708669615
46	33	0.252834372673514
46	25	0.0494701041479006
46	1	0.22306998976543
46	16	0.107925618300381
46	17	0.117969135588159
46	2	0.0320865471168703
46	14	0.0207218513985639
46	47	0.0663137985089345
46	38	0.0399261260654326
46	5	0.219074095323847
46	26	0.163847684538592
46	40	0.0716278777345332
46	28	0.0263603567896261
6	11	2.96433792944556e-06
6	53	0.0990190400719339
6	12	0.0256946569821955
6	50	0.000503930277689137
6	52	0.0408197044063517
6	34	2.42293250308224e-06
6	48	0.000148006587695006
6	8	0.0433849858377086
6	29	0.000766915330148689
6	3	0.000681223591613603
6	9	0.112839153316591
6	13	0.118691782837934
6	54	0
6	36	0.00171742765251526
6	20	0.0569690443480762
6	46	0.000762903376610315
6	6	
6	44	0.0590878606815366
6	43	0.000151447923575694
6	51	0.145540511163977
6	24	2.17812398200688e-06
6	31	0.000832507143006696
6	41	0.000649527183540589
6	35	0.00234312523739523
6	19	0.000117236245564875
6	39	0.00221385122907986
6	49	0.0477706895788784
6	23	0.103155378880111
6	22	0.17392910271046
6	21	7.69919356149664e-05
6	37	0.00101220254972017
6	7	0.118543408016828
6	10	0
6	27	0.000642143598693179
6	30	0.0863406069443041
6	4	0.000223938145378286
6	18	0.000239883799109154
6	32	0
6	45	0
6	15	0.0762425745832829
6	42	0.000327880917193015
6	33	0.00100110120922339
6	25	0.163523649652422
6	1	0.00113701904816594
6	16	0.075467913242589
6	17	0.000683965477351323
6	2	0.000174812255897007
6	14	0.000573478268136583
6	47	8.97675366723221e-07
6	38	0.00159821902454472
6	5	0.0660502960282303
6	26	0.000818394070243479
6	40	0.00189372544376813
6	28	0.000104154104827743
44	11	8.39463161249535e-05
44	53	0.109735824632222
44	12	0.0522167818055893
44	50	0.0203045264536439
44	52	0.0653136888160791
44	34	0.0407325573778463
44	48	0.0791925713216394
44	8	0.038606611437864
44	29	0.0199474992180355
44	3	0.0393587380671162
44	9	0.119830866671638
44	13	0.0960877347934581
44	54	0.000359962410885615
44	36	0.0422589965558932
44	20	0.174141916635299
44	46	0.0727367813068598
44	6	0.0590878606815366
44	44	
44	43	0.000121524662829685
44	51	0.126528730421096
44	24	0.0710014075618813
44	31	0.0243283203490857
44	41	0.000542452422245273
44	35	0.053244757974616
44	19	0.0325941999344829
44	39	0.0431744900545072
44	49	0.077241133286599
44	23	0.125639114468889
44	22	0.16881247115646
44	21	0.0440790254620366
44	37	0.0401550130840795
44	7	0.12757556132179
44	10	0.201952772208771
44	27	0.000259925844634069
44	30	0.0699548286445238
44	4	0.000180885668162237
44	18	0.0414335101589643
44	32	6.20139435835671e-05
44	45	0.000991914843877321
44	15	0.0617226914228096
44	42	0.331884592787238
44	33	0.0486397258190772
44	25	0.0581904419715598
44	1	0.054984171214181
44	16	0.117931908791765
44	17	0.0473901280295912
44	2	0.0411210313543306
44	14	0.0285502200135386
44	47	0.056997667915433
44	38	0.0515056735164186
44	5	8.89355471010657e-05
44	26	0.00368454562510989
44	40	0.0922399120982625
44	28	0.23983704518392
43	11	0.0475307682969108
43	53	3.63467240591915e-05
43	12	0.0954649396508045
43	50	2.66923855407877e-05
43	52	4.17140051919753e-05
43	34	1.87390090537853e-06
43	48	8.02185980698189e-07
43	8	2.42763691033878e-06
43	29	4.88344862670742e-05
43	3	8.95268597852498e-07
43	9	0.000825751503731226
43	13	0
43	54	0
43	36	0.0740786828472818
43	20	0.0824548859232577
43	46	0.035000759929922
43	6	0.000151447923575694
43	44	0.000121524662829685
43	43	
43	51	0.00163558167124849
43	24	0.394623863557805
43	31	0.000122563782145415
43	41	0.138792619921714
43	35	0.0478533102433104
43	19	4.65240740518854e-05
43	39	0.15759867247782
43	49	5.03946134934185e-05
43	23	0.000109779614216779
43	22	3.85878319446495e-05
43	21	3.12942642045378e-05
43	37	0.000141939173157248
43	7	0.000953060593571782
43	10	0
43	27	0.397027883509273
43	30	0.0333888043105159
43	4	8.69839922272891e-05
43	18	0.0341561304205575
43	32	0
43	45	0
43	15	0.0303271913745552
43	42	0.000794127044829924
43	33	0.0862386976602023
43	25	7.79680580796117e-05
43	1	7.24013967517071e-05
43	16	0.0289298213279487
43	17	9.68487756283795e-05
43	2	9.47470941116324e-07
43	14	6.07416824910991e-07
43	47	0.029610448824892
43	38	0.000194253281589546
43	5	0.00146253594918556
43	26	0.279787707073218
43	40	0.000118665529068155
43	28	0.0474820386574029
51	11	0.0336194666379043
51	53	0.430810326225072
51	12	0.0284872750352761
51	50	0.48214625811982
51	52	0.0626403308866099
51	34	0.513203376170987
51	48	0.417219010477529
51	8	0.114968322988002
51	29	0.232646812790865
51	3	0.490536382953297
51	9	0.156213929481131
51	13	0.12239300662273
51	54	0
51	36	0.240732134392969
51	20	0.127830682814492
51	46	0.0818980784309787
51	6	0.145540511163977
51	44	0.126528730421096
51	43	0.00163558167124849
51	51	
51	24	0.0656575230674559
51	31	0.535656224009795
51	41	0.0311850489342309
51	35	0.096937681728906
51	19	0.213400929460863
51	39	0.0390314646726846
51	49	0.750609855352381
51	23	0.134699660269112
51	22	0.162212242739511
51	21	0.289197295407532
51	37	0.0324796470142009
51	7	0.170829231743616
51	10	0.0279944306545474
51	27	0.0336878962036073
51	30	0.225667023516617
51	4	0.00806652109309845
51	18	0.0780737051622648
51	32	0.0254357447030828
51	45	0.0571309664098857
51	15	0.252688120286118
51	42	0.0362679236282335
51	33	0.105299248450943
51	25	0.0581768889219913
51	1	0.143177733519601
51	16	0.459998439290864
51	17	0.337634729929588
51	2	0.492786349373988
51	14	0.0337057938505468
51	47	0.369415807389063
51	38	0.0644974178479572
51	5	0.0721294784162367
51	26	0.0828046345764505
51	40	0.233082447301857
51	28	0.0223714018214993
24	11	0.0258438611451808
24	53	0.27669540150763
24	12	0.0332184563230583
24	50	0.0767092878595075
24	52	0.154270422335247
24	34	0.122287272630292
24	48	8.65069064546534e-06
24	8	0.0810087111338629
24	29	0.0340226693096573
24	3	0.0607853378871219
24	9	0.126505414090884
24	13	0.0998444783668943
24	54	0
24	36	0.000252061800030065
24	20	0.0417649837690305
24	46	0.0633004799235887
24	6	2.17812398200688e-06
24	44	0.0710014075618813
24	43	0.394623863557805
24	51	0.0656575230674559
24	24	
24	31	0.000165739490219035
24	41	0.0778948243298728
24	35	0.0762218877742761
24	19	0.137186206613368
24	39	0.0328104623756192
24	49	7.24775313007978e-07
24	23	0.0560186026881829
24	22	0.0834694450811097
24	21	0.0595169707680967
24	37	0.0443928281504225
24	7	0.0789449092412297
24	10	0.102026798519393
24	27	0.307269284364481
24	30	0.0578621704564599
24	4	0.0164773358645699
24	18	0.0324831608593113
24	32	0.13149529622124
24	45	0.00105700676350798
24	15	0.0598377618688364
24	42	0.112795833950654
24	33	0.0187628991598713
24	25	0.250496256380557
24	1	2.04646592094219e-06
24	16	0.146526210038324
24	17	0.0289258903347097
24	2	1.36876502629302e-05
24	14	0.0655899821653179
24	47	0.0806147639484682
24	38	0.0527369772553038
24	5	0.143316782614493
24	26	0.490353240555833
24	40	0.0949036403802234
24	28	0.0824767713992652
31	11	0.026743730544711
31	53	0.274615691779999
31	12	0.0147638903552304
31	50	0.436654008849738
31	52	0.0167405542546342
31	34	0.387656155746646
31	48	0.331958429914039
31	8	0.0936636773608188
31	29	0.195780958628323
31	3	0.37059885746343
31	9	0.143084718331884
31	13	0.100806024572608
31	54	0
31	36	0.340263178842959
31	20	0.0234952217622491
31	46	0.0581827849593934
31	6	0.000832507143006696
31	44	0.0243283203490857
31	43	0.000122563782145415
31	51	0.535656224009795
31	24	0.000165739490219035
31	31	
31	41	0.000211069936366226
31	35	0.0254417394881965
31	19	0.283579397846668
31	39	0.0217980987233835
31	49	0.646603466967365
31	23	0.0877310040181628
31	22	0.0146368403339205
31	21	0.256797383604832
31	37	0.0191265686317799
31	7	0.0164124292018997
31	10	0.0652871427966069
31	27	0.0198198105794158
31	30	0.287795284867283
31	4	0.0306000075891969
31	18	0.130313007822912
31	32	2.28387591102476e-05
31	45	0.0457248691214008
31	15	0.356283338858277
31	42	0.0392496120109128
31	33	0.0504296247835673
31	25	0.0162258202312098
31	1	0.0864648207252601
31	16	0.352922041659231
31	17	0.278299499460114
31	2	0.457528137765707
31	14	0.110754842557679
31	47	0.287264724065033
31	38	0.026330001409514
31	5	0.0287434110442844
31	26	0.0884974774928229
31	40	0.0467107354690404
31	28	0.117048762538359
41	11	6.54503913975619e-05
41	53	0.0217614589657599
41	12	0.0794223725489175
41	50	0.0332350273346582
41	52	0.0537605578727092
41	34	0.0643818652149162
41	48	0
41	8	0.00240184165918128
41	29	0.000238752201554278
41	3	0.0617745403466393
41	9	0.0901984059873457
41	13	0.0380015240398301
41	54	0.00028472146294443
41	36	0.000557544224413915
41	20	0
41	46	0.000307453832335377
41	6	0.000649527183540589
41	44	0.000542452422245273
41	43	0.138792619921714
41	51	0.0311850489342309
41	24	0.0778948243298728
41	31	0.000211069936366226
41	41	
41	35	0.0399776079913535
41	19	0.0294494349879442
41	39	0.131302578202553
41	49	0
41	23	0.0660883121667118
41	22	7.98608533281008e-05
41	21	0.0348905928770858
41	37	0.000224186678224563
41	7	0.104320817038758
41	10	0.0379122808317063
41	27	0.112790074180726
41	30	0.0171276396050979
41	4	0.00220828332781823
41	18	1.70521718479586e-05
41	32	0.443561666337553
41	45	0.000432702608984118
41	15	0.000698882861510861
41	42	0.000712538085734058
41	33	0.000395364172046345
41	25	1.42692566106191e-05
41	1	0.000305133054137867
41	16	0.0241037100114775
41	17	0.0214526452669079
41	2	1.96663879311208e-05
41	14	0.0442190656367065
41	47	0.000736400361288509
41	38	0.0403009648631778
41	5	0.0435758748732998
41	26	0.062360175065258
41	40	0.0725547994376098
41	28	0.0604394965581012
35	11	0.0513687469870267
35	53	0.0566155952824721
35	12	0.0543650023258373
35	50	0.0433632292704815
35	52	0.0342694385982227
35	34	0.0839705237567246
35	48	0.0359463922324761
35	8	0.00271791685527325
35	29	0.0197147201197074
35	3	0.0808019199684334
35	9	0.0329191074818856
35	13	0.0992063845198396
35	54	0
35	36	0.129310924940507
35	20	0.0478727828282757
35	46	0.0807668330817795
35	6	0.00234312523739523
35	44	0.053244757974616
35	43	0.0478533102433104
35	51	0.096937681728906
35	24	0.0762218877742761
35	31	0.0254417394881965
35	41	0.0399776079913535
35	35	
35	19	0.0357042498000428
35	39	0.0466023678743105
35	49	0.0400357531601448
35	23	0.0465290743908337
35	22	0.0318181290478474
35	21	0.0228787110869238
35	37	0.0749342569943571
35	7	0.0674062862159582
35	10	0.0453547029777247
35	27	0.0332048539674076
35	30	0.108319559500998
35	4	0.000394895423333477
35	18	0.0767782924396289
35	32	0.0412433068712462
35	45	5.27501202996274e-05
35	15	0.0327752381394479
35	42	0.0295552650089201
35	33	0.0505390755999692
35	25	0.000351957792545898
35	1	0.0573208207280315
35	16	0.0630749464834716
35	17	0.0866733882092511
35	2	0.0424823611489665
35	14	0.0568427655524828
35	47	0.0631290460218907
35	38	0.150737068590324
35	5	0.0567875414317644
35	26	0.122359312099972
35	40	0.470665547795189
35	28	0.0731825252016202
19	11	2.63882395027281e-06
19	53	2.83734850581852e-05
19	12	0.210788258356293
19	50	0.0569940434861504
19	52	0.00199816854874265
19	34	0.112949889794236
19	48	9.23320480481282e-07
19	8	0.00212758766651392
19	29	3.81218556084034e-05
19	3	0.0284843340665285
19	9	0.0651222211774676
19	13	0.0352194123058817
19	54	0
19	36	0.215671956290178
19	20	9.40077363502473e-05
19	46	3.70063013647778e-05
19	6	0.000117236245564875
19	44	0.0325941999344829
19	43	4.65240740518854e-05
19	51	0.213400929460863
19	24	0.137186206613368
19	31	0.283579397846668
19	41	0.0294494349879442
19	35	0.0357042498000428
19	19	
19	39	1.11753340686476e-06
19	49	0.247273492113685
19	23	8.53423251551306e-05
19	22	0.0197912924522211
19	21	0.0161598665765556
19	37	0.000108915179864401
19	7	0.0233630525784641
19	10	0.118847984769939
19	27	9.71344377237222e-07
19	30	0.182615563505795
19	4	0.00209877155790611
19	18	0.0262102083614811
19	32	0.105818651668961
19	45	0
19	15	0.184069597829998
19	42	2.94502156903449e-05
19	33	4.85606096145091e-05
19	25	0.0207282670944256
19	1	5.6518984918169e-05
19	16	3.05874983467432e-05
19	17	0.00157839339855182
19	2	1.09054426983649e-06
19	14	0.0732237314964741
19	47	7.99101625273276e-07
19	38	0.0371290494044025
19	5	0.0391982082183419
19	26	0.0575827597887837
19	40	0.0666678305800812
19	28	0.0179606947292616
39	11	0.000149714279817405
39	53	0.0491025623859195
39	12	0.112367914917505
39	50	0.0184734236860033
39	52	0.0298083428731014
39	34	0.0416567476957221
39	48	0.0312694129233713
39	8	0.0120765075504999
39	29	0.0172497724274057
39	3	0.0356395104629794
39	9	0.0020177562864231
39	13	0.0431503695785689
39	54	0.000646597033325609
39	36	0.0385874660762615
39	20	0.164373719762251
39	46	0.0459202839111444
39	6	0.00221385122907986
39	44	0.0431744900545072
39	43	0.15759867247782
39	51	0.0390314646726846
39	24	0.0328104623756192
39	31	0.0217980987233835
39	41	0.131302578202553
39	35	0.0466023678743105
39	19	1.11753340686476e-06
39	39	
39	49	0.034640543877675
39	23	0.115595728322568
39	22	0.193394879119676
39	21	0.138535385823449
39	37	0.0462627557207807
39	7	0.100480385999536
39	10	0.000244999246607481
39	27	0.140912841972454
39	30	0.0314512630137821
39	4	0.0113461741101485
39	18	0.044070101833216
39	32	0.000111395053298212
39	45	0.198355874015769
39	15	0.01074444665828
39	42	0.0257254021371556
39	33	0.117506095763109
39	25	0.0700382973799171
39	1	0.0499453059738771
39	16	0.0636173375872592
39	17	0.0312677762109018
39	2	0.0369326575177436
39	14	0.0861428809427764
39	47	0.144588064484899
39	38	0.0462703784592089
39	5	0.00153473003776652
39	26	0.000866903814321332
39	40	0.083302662412976
39	28	0.037975325516176
49	11	9.86389649268618e-07
49	53	0.467883725230282
49	12	0.010631692893871
49	50	0.620752984949379
49	52	0.0534666025771392
49	34	0.629124048691519
49	48	0.538634852201989
49	8	0.0288718451741263
49	29	0.284147001406026
49	3	0.601135996500033
49	9	0.0743919056661655
49	13	0.078989878233265
49	54	0
49	36	0.275731111787456
49	20	0.0755182000078364
49	46	0.0301174175146212
49	6	0.0477706895788784
49	44	0.077241133286599
49	43	5.03946134934185e-05
49	51	0.750609855352381
49	24	7.24775313007978e-07
49	31	0.646603466967365
49	41	0
49	35	0.0400357531601448
49	19	0.247273492113685
49	39	0.034640543877675
49	49	
49	23	0.102789053054301
49	22	0.0938338340085131
49	21	0.340545609648653
49	37	0.0304233533133214
49	7	0.104576002793588
49	10	0
49	27	3.63087518393568e-07
49	30	0.262164693515717
49	4	0.0269687697668763
49	18	0.058700028503847
49	32	0
49	45	0
49	15	0.257154825405003
49	42	0.0227742214819014
49	33	0.0789881782979827
49	25	0.0245931922449074
49	1	0.0895848170083316
49	16	0.517618143506311
49	17	0.384593388735044
49	2	0.63618772032103
49	14	0.0216714717444396
49	47	0.466169650649449
49	38	0.0416364002030899
49	5	0
49	26	4.37390478767749e-05
49	40	0.0747592966509551
49	28	2.42876727543379e-07
23	11	3.19495621209453e-06
23	53	0.121674861564879
23	12	0.0530851841931957
23	50	0.176817686181471
23	52	0.119471953291604
23	34	0.0721861422942969
23	48	0.0309016934582634
23	8	0.160287474338277
23	29	0.0419166106979822
23	3	0.069175983640257
23	9	0.43977361092476
23	13	0.261883002758508
23	54	0
23	36	0.0369900745488085
23	20	0.122360171339345
23	46	0.0838956113186643
23	6	0.103155378880111
23	44	0.125639114468889
23	43	0.000109779614216779
23	51	0.134699660269112
23	24	0.0560186026881829
23	31	0.0877310040181628
23	41	0.0660883121667118
23	35	0.0465290743908337
23	19	8.53423251551306e-05
23	39	0.115595728322568
23	49	0.102789053054301
23	23	
23	22	0.295656958832629
23	21	0.120168626637309
23	37	0.0842205639718461
23	7	0.313018741554485
23	10	0.116920758242424
23	27	1.17605524681414e-06
23	30	0.142071904388196
23	4	0.00017928821024368
23	18	0.131250968987315
23	32	0.00236235311952713
23	45	0.000925732992258725
23	15	0.328076206618247
23	42	0.10447764467533
23	33	0.0427281516846414
23	25	0.0531222173117758
23	1	0.0484617922780567
23	16	0.245451580628759
23	17	0.0444884457756608
23	2	0.151173863120557
23	14	0.17040583977335
23	47	0.0267605066560865
23	38	0.0453972645848668
23	5	0.148609684604458
23	26	0.218909768113231
23	40	0.0812994969936168
23	28	0.205075046628471
22	11	2.1886839706059e-06
22	53	0.135477958903325
22	12	0.0407872695833491
22	50	0.0313966627335485
22	52	0.0791000779482188
22	34	0.0247262180836697
22	48	0.0306608904010992
22	8	0.128587162317074
22	29	0.0286846983442769
22	3	0.0236947061489317
22	9	0.239936483468178
22	13	0.116846238507232
22	54	0
22	36	0.0251989413401915
22	20	0.257425368364777
22	46	0.0670827208177579
22	6	0.17392910271046
22	44	0.16881247115646
22	43	3.85878319446495e-05
22	51	0.162212242739511
22	24	0.0834694450811097
22	31	0.0146368403339205
22	41	7.98608533281008e-05
22	35	0.0318181290478474
22	19	0.0197912924522211
22	39	0.193394879119676
22	49	0.0938338340085131
22	23	0.295656958832629
22	22	
22	21	0.136015704636323
22	37	0.362275390354905
22	7	0.473883883344591
22	10	1.50738593143255e-05
22	27	0.248557209451821
22	30	0.344866767748364
22	4	6.79524217387026e-05
22	18	0.0233617741765326
22	32	1.37074165327476e-05
22	45	0.268895063993561
22	15	0.141964006729651
22	42	0.29892933982965
22	33	0.0677926892702836
22	25	0.166452167564374
22	1	0.0331539532640074
22	16	0.161279367760099
22	17	0.021897449463871
22	2	0.0696351136969835
22	14	0.101060877766472
22	47	0.161910660752265
22	38	0.0309902773145209
22	5	0.101804097764878
22	26	0.0747572535645244
22	40	0.0554574472329073
22	28	0.0636791965897766
21	11	0.0481106630631949
21	53	0.305600930823387
21	12	0.331243353397173
21	50	0.442242645968802
21	52	0.0458260629692981
21	34	0.397184454760409
21	48	0.707873394058691
21	8	0.113404381005433
21	29	0.653561133832673
21	3	0.648029827814791
21	9	0.13231884602133
21	13	0.0933619166918602
21	54	0
21	36	0.019443215411947
21	20	0.0944886028032751
21	46	0.0756619362406496
21	6	7.69919356149664e-05
21	44	0.0440790254620366
21	43	3.12942642045378e-05
21	51	0.289197295407532
21	24	0.0595169707680967
21	31	0.256797383604832
21	41	0.0348905928770858
21	35	0.0228787110869238
21	19	0.0161598665765556
21	39	0.138535385823449
21	49	0.340545609648653
21	23	0.120168626637309
21	22	0.136015704636323
21	21	
21	37	0.0303919696534166
21	7	0.0858318262120431
21	10	0.0604659573936088
21	27	0.0311622830900726
21	30	0.0164243135450113
21	4	0.0119218805148975
21	18	0.1183269699916
21	32	2.11522112337699e-05
21	45	0.214802954924506
21	15	0.091423252423505
21	42	0.0239773466386189
21	33	0.145428862868755
21	25	0.0654954423371309
21	1	0.105343019193665
21	16	0.398822145488785
21	17	0.698589033942651
21	2	0.442967414571894
21	14	0.122403188418711
21	47	0.393744802045388
21	38	0.0238509371963709
21	5	0.0517055355955352
21	26	0.0789244933411862
21	40	0.0427903351208703
21	28	0.157326278911551
37	11	0
37	53	0.0430511658293251
37	12	0.0043692925780175
37	50	0.0406680354822618
37	52	0.0258621000058884
37	34	0.0638949652622681
37	48	0.0273523777183061
37	8	0.0124444788033325
37	29	0.0373445877712029
37	3	0.0307425134646275
37	9	0.0745441445294688
37	13	0.0377454940828312
37	54	0
37	36	0.033097207475497
37	20	0.0498842217956426
37	46	0.0848978896174203
37	6	0.00101220254972017
37	44	0.0401550130840795
37	43	0.000141939173157248
37	51	0.0324796470142009
37	24	0.0443928281504225
37	31	0.0191265686317799
37	41	0.000224186678224563
37	35	0.0749342569943571
37	19	0.000108915179864401
37	39	0.0462627557207807
37	49	0.0304233533133214
37	23	0.0842205639718461
37	22	0.362275390354905
37	21	0.0303919696534166
37	37	
37	7	0.372336991013953
37	10	1.94775724002134e-05
37	27	0.34331644898844
37	30	0.363428942278971
37	4	0.0101533146693355
37	18	0.0408714539351263
37	32	1.77119337768226e-05
37	45	4.0140145481061e-05
37	15	0.0379610680154743
37	42	0.322116073460023
37	33	0.052327195861578
37	25	0.000203137677403516
37	1	0.0432545648749733
37	16	0.0240370801204257
37	17	0.0272452954431265
37	2	0.0323257367915842
37	14	0.0223956816750574
37	47	0.0325917455379381
37	38	0.248274171647412
37	5	0.131545388842083
37	26	0.0968972173711519
37	40	0.0721441763653904
37	28	0.0238805633299996
7	11	5.84906387846647e-05
7	53	0.129696264929336
7	12	0.076863466648877
7	50	0.0598317865760256
7	52	0.132359140839449
7	34	0.110242593274336
7	48	0.0235949567905333
7	8	0.0804160223404939
7	29	0.012717961332769
7	3	0.105468365694859
7	9	0.32932537377528
7	13	0.162752747738074
7	54	0.000243837619393196
7	36	0.0284629569297314
7	20	0.136160949822209
7	46	0.0343758805820567
7	6	0.118543408016828
7	44	0.12757556132179
7	43	0.000953060593571782
7	51	0.170829231743616
7	24	0.0789449092412297
7	31	0.0164124292018997
7	41	0.104320817038758
7	35	0.0674062862159582
7	19	0.0233630525784641
7	39	0.100480385999536
7	49	0.104576002793588
7	23	0.313018741554485
7	22	0.473883883344591
7	21	0.0858318262120431
7	37	0.372336991013953
7	7	
7	10	0.0279083884932968
7	27	0.274580702284203
7	30	0.34728481747584
7	4	0.0128550607162335
7	18	0.0334059852396149
7	32	0.05339705604572
7	45	3.46095015798162e-05
7	15	0.126030909995875
7	42	0.219643309161377
7	33	0.0451830431229654
7	25	0.0607630185904276
7	1	0.0372479166038094
7	16	0.295239483372244
7	17	0.0571385605416366
7	2	0.0278727960609004
7	14	0.108603917582274
7	47	0.0287292266584618
7	38	0.0953119892934296
7	5	0.0373187095984929
7	26	0.0534781313884011
7	40	0.123643562218322
7	28	0.029740789560787
10	11	0.0436228085219423
10	53	5.66973790890506e-05
10	12	0.0314340905298583
10	50	0.226498070482028
10	52	0.0104591751163694
10	34	0.134800412526516
10	48	2.69074489894503e-05
10	8	0.10170744428799
10	29	7.72802302514563e-05
10	3	0.0339564034540755
10	9	0.218462805381983
10	13	0.173960635210013
10	54	0.000629162194571838
10	36	0
10	20	3.54512680282181e-05
10	46	4.76100324667765e-05
10	6	0
10	44	0.201952772208771
10	43	0
10	51	0.0279944306545474
10	24	0.102026798519393
10	31	0.0652871427966069
10	41	0.0379122808317063
10	35	0.0453547029777247
10	19	0.118847984769939
10	39	0.000244999246607481
10	49	0
10	23	0.116920758242424
10	22	1.50738593143255e-05
10	21	0.0604659573936088
10	37	1.94775724002134e-05
10	7	0.0279083884932968
10	10	
10	27	0
10	30	0.000146876904867632
10	4	0.00488795488391531
10	18	0.0979596141609377
10	32	0.196444586037957
10	45	4.46505957964627e-05
10	15	0.169453316945771
10	42	0.118227398561845
10	33	0.000279140666174827
10	25	0.00524385388679759
10	1	0
10	16	0.0830391639414658
10	17	0.00369579525275734
10	2	0.112913940299103
10	14	0.255197633348855
10	47	0.000126803769993318
10	38	0.088249455322587
10	5	0.0936158253080339
10	26	0.176465804422332
10	40	0.0793686214245827
10	28	0.432219772762079
27	11	0.0412171141122822
27	53	5.14672274962719e-07
27	12	0.0927095199794553
27	50	0.0254557469516011
27	52	0.000179737579571538
27	34	7.6562815975857e-07
27	48	3.27752750651462e-07
27	8	0.0685055097439812
27	29	0.0154171914318567
27	3	0.00021526145039854
27	9	0.0253242232173354
27	13	0
27	54	0
27	36	0.000456242845522248
27	20	0.0134714038007259
27	46	0.0715684346813339
27	6	0.000642143598693179
27	44	0.000259925844634069
27	43	0.397027883509273
27	51	0.0336878962036073
27	24	0.307269284364481
27	31	0.0198198105794158
27	41	0.112790074180726
27	35	0.0332048539674076
27	19	9.71344377237222e-07
27	39	0.140912841972454
27	49	3.63087518393568e-07
27	23	1.17605524681414e-06
27	22	0.248557209451821
27	21	0.0311622830900726
27	37	0.34331644898844
27	7	0.274580702284203
27	10	0
27	27	
27	30	0.300299725867426
27	4	0.00986193554246124
27	18	0.0400095873206036
27	32	0
27	45	0.0700036733269512
27	15	0.00814255441588259
27	42	0.252342277037054
27	33	0.0541392882013542
27	25	0.0247182207133956
27	1	0.090522807427462
27	16	0.039792754498228
27	17	0.068017823971859
27	2	3.8711248337066e-07
27	14	0.000146049383436945
27	47	0.00884861516879317
27	38	0.0342994293882301
27	5	0.0442989975167395
27	26	0.353237049674433
27	40	0.000503145292966464
27	28	0.0551423362930925
30	11	0.204026991142556
30	53	0.0813962562507672
30	12	0.0098470722055711
30	50	0.038386255918093
30	52	0.121812513644483
30	34	0.0605642435210552
30	48	0.0259107390054893
30	8	0.0262301008198143
30	29	0.0351229128294002
30	3	0.0289045421333317
30	9	0.151501115349341
30	13	0.142989242170443
30	54	0.000267772860390862
30	36	0.280169155621077
30	20	0.102475745694056
30	46	0.0975837469663238
30	6	0.0863406069443041
30	44	0.0699548286445238
30	43	0.0333888043105159
30	51	0.225667023516617
30	24	0.0578621704564599
30	31	0.287795284867283
30	41	0.0171276396050979
30	35	0.108319559500998
30	19	0.182615563505795
30	39	0.0314512630137821
30	49	0.262164693515717
30	23	0.142071904388196
30	22	0.344866767748364
30	21	0.0164243135450113
30	37	0.363428942278971
30	7	0.34728481747584
30	10	0.000146876904867632
30	27	0.300299725867426
30	30	
30	4	9.38825595789255e-05
30	18	0.0531587601001262
30	32	6.29022110070244e-05
30	45	3.80067901654884e-05
30	15	0.27680357651756
30	42	0.30502919998727
30	33	0.0358820814641628
30	25	0.0222784218206364
30	1	0.0405618245116965
30	16	0.0900280112679387
30	17	0.0189316595330747
30	2	0.0306084368753915
30	14	0.108128252490575
30	47	0.044890060543733
30	38	0.0377104273099977
30	5	0.1643971656499
30	26	0.0920183714582978
30	40	0.0676513322943689
30	28	0.0182366752638392
4	11	8.58855158916566e-07
4	53	8.21822592313084e-05
4	12	0.00359434610484698
4	50	0.0152490547509158
4	52	0.00204504457956835
4	34	1.35721418234075e-05
4	48	1.13195067136621e-05
4	8	0.0115469332847016
4	29	8.50342829152962e-05
4	3	0.0106338233959863
4	9	9.8075101369233e-06
4	13	3.04117908743668e-05
4	54	0
4	36	0.0959102455588981
4	20	0.119118115709257
4	46	0.17996359835712
4	6	0.000223938145378286
4	44	0.000180885668162237
4	43	8.69839922272891e-05
4	51	0.00806652109309845
4	24	0.0164773358645699
4	31	0.0306000075891969
4	41	0.00220828332781823
4	35	0.000394895423333477
4	19	0.00209877155790611
4	39	0.0113461741101485
4	49	0.0269687697668763
4	23	0.00017928821024368
4	22	6.79524217387026e-05
4	21	0.0119218805148975
4	37	0.0101533146693355
4	7	0.0128550607162335
4	10	0.00488795488391531
4	27	0.00986193554246124
4	30	9.38825595789255e-05
4	4	
4	18	0.175457479564619
4	32	0.00221869887163441
4	45	3.65701463742287e-05
4	15	0
4	42	0.0354605562362229
4	33	0.124568239380363
4	25	0.000137642876570691
4	1	0.0390800268033706
4	16	0.00420985017499984
4	17	0.0122538841089562
4	2	1.81515144561888e-05
4	14	1.69147577604499e-05
4	47	0.00813575393854166
4	38	0.000323013987569513
4	5	0
4	26	7.58289065189801e-05
4	40	0.000175464528482453
4	28	0.00660745532539862
18	11	0.15354880580288
18	53	0.0416533534133214
18	12	0.0141779751554615
18	50	0.157427047002422
18	52	0.0248517140271926
18	34	0.0309320875074079
18	48	0.0273244024531055
18	8	0.152531565258706
18	29	0.0428181861380465
18	3	0.0590566095259723
18	9	0.191298996622932
18	13	0.151272491029928
18	54	0
18	36	0.13314887561
18	20	0.161346621478169
18	46	0.363606129349964
18	6	0.000239883799109154
18	44	0.0414335101589643
18	43	0.0341561304205575
18	51	0.0780737051622648
18	24	0.0324831608593113
18	31	0.130313007822912
18	41	1.70521718479586e-05
18	35	0.0767782924396289
18	19	0.0262102083614811
18	39	0.044070101833216
18	49	0.058700028503847
18	23	0.131250968987315
18	22	0.0233617741765326
18	21	0.1183269699916
18	37	0.0408714539351263
18	7	0.0334059852396149
18	10	0.0979596141609377
18	27	0.0400095873206036
18	30	0.0531587601001262
18	4	0.175457479564619
18	18	
18	32	1.71325997716793e-05
18	45	0.0681857105187285
18	15	0.358125843988254
18	42	0.0211331776659609
18	33	0.316918460829815
18	25	0.0695664457477951
18	1	0.212081217254704
18	16	0.142623554816428
18	17	0.0662664735124233
18	2	0.160687725321141
18	14	0.14742784767383
18	47	0.0544450215472859
18	38	0.0387128804666468
18	5	0.0837595878320602
18	26	0.127891515752479
18	40	0.0692052340083184
18	28	0.201102660671624
32	11	6.57590933701755e-05
32	53	1.31350512661846e-05
32	12	0.0285336601057036
32	50	0.0629483392319744
32	52	0.0538311511419055
32	34	0.122498450308914
32	48	0
32	8	0.00241317013625014
32	29	3.30964037833547e-05
32	3	0.030878261259656
32	9	0.0506663138424701
32	13	0.0381807612480869
32	54	0.000286064374352285
32	36	0
32	20	0
32	46	1.75806649703618e-05
32	6	0
32	44	6.20139435835671e-05
32	43	0
32	51	0.0254357447030828
32	24	0.13149529622124
32	31	2.28387591102476e-05
32	41	0.443561666337553
32	35	0.0412433068712462
32	19	0.105818651668961
32	39	0.000111395053298212
32	49	0
32	23	0.00236235311952713
32	22	1.37074165327476e-05
32	21	2.11522112337699e-05
32	37	1.77119337768226e-05
32	7	0.05339705604572
32	10	0.196444586037957
32	27	0
32	30	6.29022110070244e-05
32	4	0.00221869887163441
32	18	1.71325997716793e-05
32	32	
32	45	4.06030268861409e-05
32	15	0
32	42	8.6429840187435e-05
32	33	0.000126918306145085
32	25	1.43365586934542e-05
32	1	0
32	16	1.45312701049182e-05
32	17	0.0016629190435918
32	2	1.97591460127592e-05
32	14	0.102708927497896
32	47	5.43055935430706e-05
32	38	0.120268125496166
32	5	0.127552994744464
32	26	0.0624333245104518
32	40	0.0721738693993769
32	28	0.0194819495466713
45	11	0.0950885052259476
45	53	0.000607687147042429
45	12	0.0247148782862634
45	50	6.55825206340079e-05
45	52	0.00010616981766082
45	34	0
45	48	0
45	8	0.134289227842279
45	29	0.0351182791574453
45	3	0.000410734508269992
45	9	0.0582919914384951
45	13	0
45	54	0
45	36	0.000435642404744528
45	20	0.215921688864894
45	46	0.140284830231052
45	6	0
45	44	0.000991914843877321
45	43	0
45	51	0.0571309664098857
45	24	0.00105700676350798
45	31	0.0457248691214008
45	41	0.000432702608984118
45	35	5.27501202996274e-05
45	19	0
45	39	0.198355874015769
45	49	0
45	23	0.000925732992258725
45	22	0.268895063993561
45	21	0.214802954924506
45	37	4.0140145481061e-05
45	7	3.46095015798162e-05
45	10	4.46505957964627e-05
45	27	0.0700036733269512
45	30	3.80067901654884e-05
45	4	3.65701463742287e-05
45	18	0.0681857105187285
45	32	4.06030268861409e-05
45	45	
45	15	0
45	42	3.01275357411941e-05
45	33	0.0917627616093235
45	25	0.197502254707355
45	1	0.208145088322182
45	16	0.0578327276681774
45	17	0.0950044929823281
45	2	4.47796951776977e-05
45	14	0.124093424579478
45	47	0.23612199334955
45	38	0.000533258322317549
45	5	0.102200779455379
45	26	0.0750154922183082
45	40	0.000960037824293798
45	28	0.000285667160713113
15	11	0.151341260261575
15	53	0.0359615003499821
15	12	0.0179871403633943
15	50	0.234884644548628
15	52	0.0456928628971463
15	34	0
15	48	0.000729093245298952
15	8	0.191347545342822
15	29	0.018911917681028
15	3	0
15	9	0.522842687930691
15	13	0.261761346106306
15	54	0
15	36	0.193450239108556
15	20	0.0603451842785262
15	46	0.0619551190334507
15	6	0.0762425745832829
15	44	0.0617226914228096
15	43	0.0303271913745552
15	51	0.252688120286118
15	24	0.0598377618688364
15	31	0.356283338858277
15	41	0.000698882861510861
15	35	0.0327752381394479
15	19	0.184069597829998
15	39	0.01074444665828
15	49	0.257154825405003
15	23	0.328076206618247
15	22	0.141964006729651
15	21	0.091423252423505
15	37	0.0379610680154743
15	7	0.126030909995875
15	10	0.169453316945771
15	27	0.00814255441588259
15	30	0.27680357651756
15	4	0
15	18	0.358125843988254
15	32	0
15	45	0
15	15	
15	42	0.0596911756784652
15	33	0.0315805566998911
15	25	0.0392510200397528
15	1	0.035817022331718
15	16	0.224439929911736
15	17	0.00014195930203729
15	2	0.169943261547308
15	14	0.406458485928527
15	47	0.0203874189847376
15	38	0
15	5	0.111144181743588
15	26	0.249372123756763
15	40	0
15	28	0.320336474086687
42	11	9.97094339662373e-05
42	53	0.062018680539185
42	12	0.0238114617979795
42	50	0.0845747120848265
42	52	0.0215597350124183
42	34	0.024081165434188
42	48	0.0285860640832499
42	8	0.0818890012455828
42	29	0.0556468725182193
42	3	0.0229125670334032
42	9	0.11198024145326
42	13	0.0567105267736715
42	54	0.000424520796774515
42	36	0.0243673399631846
42	20	0.0750057687986911
42	46	0.0891922708669615
42	6	0.000327880917193015
42	44	0.331884592787238
42	43	0.000794127044829924
42	51	0.0362679236282335
42	24	0.112795833950654
42	31	0.0392496120109128
42	41	0.000712538085734058
42	35	0.0295552650089201
42	19	2.94502156903449e-05
42	39	0.0257254021371556
42	49	0.0227742214819014
42	23	0.10447764467533
42	22	0.29892933982965
42	21	0.0239773466386189
42	37	0.322116073460023
42	7	0.219643309161377
42	10	0.118227398561845
42	27	0.252342277037054
42	30	0.30502919998727
42	4	0.0354605562362229
42	18	0.0211331776659609
42	32	8.6429840187435e-05
42	45	3.01275357411941e-05
42	15	0.0596911756784652
42	42	
42	33	0.0285378191978114
42	25	7.474587123603e-05
42	1	0.0321536558288009
42	16	0.0179895129546978
42	17	0.0147900740703375
42	2	0.0244289726325522
42	14	0.0157310447080155
42	47	0.0437419943541432
42	38	0.0301222345158516
42	5	0.19847269535781
42	26	0.168192101513238
42	40	0.0536270615830425
42	28	0.198568763077023
33	11	0.206927082709224
33	53	0.0559827428872458
33	12	0.0500889694385277
33	50	0.0413265970917452
33	52	0.0335357012649817
33	34	0.0833626221944621
33	48	0.0356269044708936
33	8	0.0900380238146768
33	29	0.0579050447992098
33	3	0.0798030422808932
33	9	0.0332983763607309
33	13	0.0491635099970301
33	54	0.222203569977327
33	36	0.5053578740664
33	20	0.229097778483485
33	46	0.252834372673514
33	6	0.00100110120922339
33	44	0.0486397258190772
33	43	0.0862386976602023
33	51	0.105299248450943
33	24	0.0187628991598713
33	31	0.0504296247835673
33	41	0.000395364172046345
33	35	0.0505390755999692
33	19	4.85606096145091e-05
33	39	0.117506095763109
33	49	0.0789881782979827
33	23	0.0427281516846414
33	22	0.0677926892702836
33	21	0.145428862868755
33	37	0.052327195861578
33	7	0.0451830431229654
33	10	0.000279140666174827
33	27	0.0541392882013542
33	30	0.0358820814641628
33	4	0.124568239380363
33	18	0.316918460829815
33	32	0.000126918306145085
33	45	0.0917627616093235
33	15	0.0315805566998911
33	42	0.0285378191978114
33	33	
33	25	0.0935452888965761
33	1	0.285893849243951
33	16	0.104926353521027
33	17	0.0893467670114853
33	2	0.0841581727692922
33	14	0.0272576196659604
33	47	0.0832658129956059
33	38	0.0521949330099113
33	5	0.112967968034048
33	26	0.0430948313255997
33	40	0.0937191856892288
33	28	0.0425495216969324
25	11	0.0968513838627548
25	53	0.513656977195284
25	12	0.0169589296948356
25	50	0.0128239510522033
25	52	0.317799748861353
25	34	1.26818032849155e-05
25	48	1.03237626786999e-05
25	8	0.0697516570193684
25	29	0.0241467621068044
25	3	0.0247094330392565
25	9	0.0960404912577199
25	13	0.0305793292363341
25	54	0
25	36	0.000141479107936845
25	20	0.105581545756055
25	46	0.0494701041479006
25	6	0.163523649652422
25	44	0.0581904419715598
25	43	7.79680580796117e-05
25	51	0.0581768889219913
25	24	0.250496256380557
25	31	0.0162258202312098
25	41	1.42692566106191e-05
25	35	0.000351957792545898
25	19	0.0207282670944256
25	39	0.0700382973799171
25	49	0.0245931922449074
25	23	0.0531222173117758
25	22	0.166452167564374
25	21	0.0654954423371309
25	37	0.000203137677403516
25	7	0.0607630185904276
25	10	0.00524385388679759
25	27	0.0247182207133956
25	30	0.0222784218206364
25	4	0.000137642876570691
25	18	0.0695664457477951
25	32	1.43365586934542e-05
25	45	0.197502254707355
25	15	0.0392510200397528
25	42	7.474587123603e-05
25	33	0.0935452888965761
25	25	
25	1	0.10821547360638
25	16	0.352637683107779
25	17	0.0336873706446356
25	2	0.0261660301664712
25	14	0.043831487115276
25	47	0.0501015298479573
25	38	0.000286980580638802
25	5	0.0700900192088105
25	26	0.0265549574252295
25	40	0.000156587274193844
25	28	0.0155898648804702
1	11	0.180291874978097
1	53	0.0634934759090933
1	12	0.032273275012847
1	50	0.04679353544563
1	52	0.0380344454511094
1	34	0.0471959849910704
1	48	0.0404066664544662
1	8	0.173025416497961
1	29	0.088220325807649
1	3	0.0905089972989848
1	9	0.0748016077659787
1	13	0.055758692039629
1	54	0
1	36	0.0486362183598072
1	20	0.0533824615541556
1	46	0.22306998976543
1	6	0.00113701904816594
1	44	0.054984171214181
1	43	7.24013967517071e-05
1	51	0.143177733519601
1	24	2.04646592094219e-06
1	31	0.0864648207252601
1	41	0.000305133054137867
1	35	0.0573208207280315
1	19	5.6518984918169e-05
1	39	0.0499453059738771
1	49	0.0895848170083316
1	23	0.0484617922780567
1	22	0.0331539532640074
1	21	0.105343019193665
1	37	0.0432545648749733
1	7	0.0372479166038094
1	10	0
1	27	0.090522807427462
1	30	0.0405618245116965
1	4	0.0390800268033706
1	18	0.212081217254704
1	32	0
1	45	0.208145088322182
1	15	0.035817022331718
1	42	0.0321536558288009
1	33	0.285893849243951
1	25	0.10821547360638
1	1	
1	16	0.109885846961365
1	17	0.151607732648797
1	2	0.0954483911423895
1	14	0.030812767112795
1	47	0.0349705584552921
1	38	0.059196774109589
1	5	0.193774057792446
1	26	0.0970648673352223
1	40	0.106292689502668
1	28	6.85783493155508e-07
16	11	0.0660988237914457
16	53	0.653577908268395
16	12	0.0813684068930585
16	50	0.576496805492472
16	52	0.233485287263105
16	34	0.519495025366698
16	48	0.432396050824938
16	8	0.164448368234177
16	29	0.235530503215977
16	3	0.496561524772142
16	9	0.279169110689214
16	13	0.19018375775292
16	54	0
16	36	0.0270112561775709
16	20	0.0887783871655417
16	46	0.107925618300381
16	6	0.075467913242589
16	44	0.117931908791765
16	43	0.0289298213279487
16	51	0.459998439290864
16	24	0.146526210038324
16	31	0.352922041659231
16	41	0.0241037100114775
16	35	0.0630749464834716
16	19	3.05874983467432e-05
16	39	0.0636173375872592
16	49	0.517618143506311
16	23	0.245451580628759
16	22	0.161279367760099
16	21	0.398822145488785
16	37	0.0240370801204257
16	7	0.295239483372244
16	10	0.0830391639414658
16	27	0.039792754498228
16	30	0.0900280112679387
16	4	0.00420985017499984
16	18	0.142623554816428
16	32	1.45312701049182e-05
16	45	0.0578327276681774
16	15	0.224439929911736
16	42	0.0179895129546978
16	33	0.104926353521027
16	25	0.352637683107779
16	1	0.109885846961365
16	16	
16	17	0.358814722579459
16	2	0.582192921333051
16	14	0.123929576010419
16	47	0.602155840088272
16	38	0.0329878169166768
16	5	0.0365762664779607
16	26	0.106532395749363
16	40	0.0590321138899152
16	28	0.211081201268102
17	11	0.0559810552417045
17	53	0.301564683505333
17	12	0.364268222334215
17	50	0.401281071490123
17	52	0.0363717994532887
17	34	0.426997748555953
17	48	0.703623504361361
17	8	0.0875702799652946
17	29	0.753933801265148
17	3	0.690665831961872
17	9	0.0501617851322038
17	13	0.0509453386879134
17	54	0.000190682021505937
17	36	0.0223165491445577
17	20	0.0336580306936646
17	46	0.117969135588159
17	6	0.000683965477351323
17	44	0.0473901280295912
17	43	9.68487756283795e-05
17	51	0.337634729929588
17	24	0.0289258903347097
17	31	0.278299499460114
17	41	0.0214526452669079
17	35	0.0866733882092511
17	19	0.00157839339855182
17	39	0.0312677762109018
17	49	0.384593388735044
17	23	0.0444884457756608
17	22	0.021897449463871
17	21	0.698589033942651
17	37	0.0272452954431265
17	7	0.0571385605416366
17	10	0.00369579525275734
17	27	0.068017823971859
17	30	0.0189316595330747
17	4	0.0122538841089562
17	18	0.0662664735124233
17	32	0.0016629190435918
17	45	0.0950044929823281
17	15	0.00014195930203729
17	42	0.0147900740703375
17	33	0.0893467670114853
17	25	0.0336873706446356
17	1	0.151607732648797
17	16	0.358814722579459
17	17	
17	2	0.409953564480755
17	14	0.0141119204906305
17	47	0.313542893462927
17	38	0.0272821076138424
17	5	0.0601668681730333
17	26	0.0445746908566668
17	40	0.0486448736235372
17	28	0.00488234369600773
2	11	0.0436049409659105
2	53	0.474867133544627
2	12	1.49721346810048e-05
2	50	0.772893082651723
2	52	0.0570178058973949
2	34	0.670752258063554
2	48	0.574379805644072
2	8	0.0967170443966673
2	29	0.319009777773714
2	3	0.674966860234445
2	9	0.166107452379538
2	13	0.174389134204285
2	54	0
2	36	0.036120167160219
2	20	0.0402042750521288
2	46	0.0320865471168703
2	6	0.000174812255897007
2	44	0.0411210313543306
2	43	9.47470941116324e-07
2	51	0.492786349373988
2	24	1.36876502629302e-05
2	31	0.457528137765707
2	41	1.96663879311208e-05
2	35	0.0424823611489665
2	19	1.09054426983649e-06
2	39	0.0369326575177436
2	49	0.63618772032103
2	23	0.151173863120557
2	22	0.0696351136969835
2	21	0.442967414571894
2	37	0.0323257367915842
2	7	0.0278727960609004
2	10	0.112913940299103
2	27	3.8711248337066e-07
2	30	0.0306084368753915
2	4	1.81515144561888e-05
2	18	0.160687725321141
2	32	1.97591460127592e-05
2	45	4.47796951776977e-05
2	15	0.169943261547308
2	42	0.0244289726325522
2	33	0.0841581727692922
2	25	0.0261660301664712
2	1	0.0954483911423895
2	16	0.582192921333051
2	17	0.409953564480755
2	2	
2	14	0.168351692376955
2	47	0.497031376078791
2	38	0.0443643040185969
2	5	0.0468653015841056
2	26	0.108063638579621
2	40	0.0795990617900485
2	28	0.20245545724878
14	11	0.464899912660342
14	53	0.03074622197657
14	12	0.0204222363464754
14	50	0.31854603716931
14	52	0.0184219578726516
14	34	0.109480601491069
14	48	0.0196466119891286
14	8	0.125515357468467
14	29	0.010491188188921
14	3	0.0438192348779148
14	9	0.50048253278372
14	13	0.223646993511681
14	54	0.00020225879517419
14	36	0.0234844886922814
14	20	0.0931613228496386
14	46	0.0207218513985639
14	6	0.000573478268136583
14	44	0.0285502200135386
14	43	6.07416824910991e-07
14	51	0.0337057938505468
14	24	0.0655899821653179
14	31	0.110754842557679
14	41	0.0442190656367065
14	35	0.0568427655524828
14	19	0.0732237314964741
14	39	0.0861428809427764
14	49	0.0216714717444396
14	23	0.17040583977335
14	22	0.101060877766472
14	21	0.122403188418711
14	37	0.0223956816750574
14	7	0.108603917582274
14	10	0.255197633348855
14	27	0.000146049383436945
14	30	0.108128252490575
14	4	1.69147577604499e-05
14	18	0.14742784767383
14	32	0.102708927497896
14	45	0.124093424579478
14	15	0.406458485928527
14	42	0.0157310447080155
14	33	0.0272576196659604
14	25	0.043831487115276
14	1	0.030812767112795
14	16	0.123929576010419
14	17	0.0141119204906305
14	2	0.168351692376955
14	14	
14	47	0.0612241606349671
14	38	0.125724959127146
14	5	0.0300949805938767
14	26	0.182856443815881
14	40	0.102421691061709
14	28	0.273287807110642
47	11	0.0592391060361739
47	53	0.362789908197485
47	12	0.0140528596361936
47	50	0.472424836381405
47	52	0.020927424581892
47	34	0.491551967863427
47	48	0.430762572699402
47	8	0.0276058763979872
47	29	0.221987323949955
47	3	0.469631593141761
47	9	0.000595664144944142
47	13	0.0308823202402702
47	54	0.000231177312934638
47	36	0.0264672284117371
47	20	0.117549831537746
47	46	0.0663137985089345
47	6	8.97675366723221e-07
47	44	0.056997667915433
47	43	0.029610448824892
47	51	0.369415807389063
47	24	0.0806147639484682
47	31	0.287264724065033
47	41	0.000736400361288509
47	35	0.0631290460218907
47	19	7.99101625273276e-07
47	39	0.144588064484899
47	49	0.466169650649449
47	23	0.0267605066560865
47	22	0.161910660752265
47	21	0.393744802045388
47	37	0.0325917455379381
47	7	0.0287292266584618
47	10	0.000126803769993318
47	27	0.00884861516879317
47	30	0.044890060543733
47	4	0.00813575393854166
47	18	0.0544450215472859
47	32	5.43055935430706e-05
47	45	0.23612199334955
47	15	0.0203874189847376
47	42	0.0437419943541432
47	33	0.0832658129956059
47	25	0.0501015298479573
47	1	0.0349705584552921
47	16	0.602155840088272
47	17	0.313542893462927
47	2	0.497031376078791
47	14	0.0612241606349671
47	47	
47	38	0.0324260931846115
47	5	0.00104030482766449
47	26	4.2227723785078e-05
47	40	0.0583266002178826
47	28	0.0561751997723683
38	11	0
38	53	0.0591251309051539
38	12	0.000808124113758215
38	50	0.0601707999226445
38	52	0.0353924387767271
38	34	0.0874832130985288
38	48	0.0375945973320457
38	8	0
38	29	0.0202009387401726
38	3	0.0839730091306839
38	9	0.0331120079902416
38	13	0.10340584942351
38	54	0
38	36	0.0454257880784533
38	20	0.0497609088454557
38	46	0.0399261260654326
38	6	0.00159821902454472
38	44	0.0515056735164186
38	43	0.000194253281589546
38	51	0.0644974178479572
38	24	0.0527369772553038
38	31	0.026330001409514
38	41	0.0403009648631778
38	35	0.150737068590324
38	19	0.0371290494044025
38	39	0.0462703784592089
38	49	0.0416364002030899
38	23	0.0453972645848668
38	22	0.0309902773145209
38	21	0.0238509371963709
38	37	0.248274171647412
38	7	0.0953119892934296
38	10	0.088249455322587
38	27	0.0342994293882301
38	30	0.0377104273099977
38	4	0.000323013987569513
38	18	0.0387128804666468
38	32	0.120268125496166
38	45	0.000533258322317549
38	15	0
38	42	0.0301222345158516
38	33	0.0521949330099113
38	25	0.000286980580638802
38	1	0.059196774109589
38	16	0.0329878169166768
38	17	0.0272821076138424
38	2	0.0443643040185969
38	14	0.125724959127146
38	47	0.0324260931846115
38	38	
38	5	0.114986092070381
38	26	0.0848689994869112
38	40	0.196669449903672
38	28	0.0696342440057635
5	11	0.116967942128712
5	53	0
5	12	0.0156092300321505
5	50	0.117437376107134
5	52	0
5	34	0.0464220030376001
5	48	0
5	8	0.0850884594743657
5	29	0.10870915846272
5	3	0.0885663739464185
5	9	0.287206604832441
5	13	0.109511722496989
5	54	0.000410251149483197
5	36	0
5	20	0
5	46	0.219074095323847
5	6	0.0660502960282303
5	44	8.89355471010657e-05
5	43	0.00146253594918556
5	51	0.0721294784162367
5	24	0.143316782614493
5	31	0.0287434110442844
5	41	0.0435758748732998
5	35	0.0567875414317644
5	19	0.0391982082183419
5	39	0.00153473003776652
5	49	0
5	23	0.148609684604458
5	22	0.101804097764878
5	21	0.0517055355955352
5	37	0.131545388842083
5	7	0.0373187095984929
5	10	0.0936158253080339
5	27	0.0442989975167395
5	30	0.1643971656499
5	4	0
5	18	0.0837595878320602
5	32	0.127552994744464
5	45	0.102200779455379
5	15	0.111144181743588
5	42	0.19847269535781
5	33	0.112967968034048
5	25	0.0700900192088105
5	1	0.193774057792446
5	16	0.0365762664779607
5	17	0.0601668681730333
5	2	0.0468653015841056
5	14	0.0300949805938767
5	47	0.00104030482766449
5	38	0.114986092070381
5	5	
5	26	0.417142842009373
5	40	0.103506117987558
5	28	0.0287220384058136
26	11	0.0442372191092304
26	53	3.12755520194434e-05
26	12	0.01200463179107
26	50	0.191851117513643
26	52	0.000701275259888558
26	34	0.0680918514027336
26	48	3.51217768261857e-07
26	8	0.184129834400235
26	29	0.0800523394054231
26	3	0.065238495357265
26	9	0.394222992404959
26	13	0.24683007968233
26	54	0.000301124825814514
26	36	0.000581547465688348
26	20	0.000104501121732983
26	46	0.163847684538592
26	6	0.000818394070243479
26	44	0.00368454562510989
26	43	0.279787707073218
26	51	0.0828046345764505
26	24	0.490353240555833
26	31	0.0884974774928229
26	41	0.062360175065258
26	35	0.122359312099972
26	19	0.0575827597887837
26	39	0.000866903814321332
26	49	4.37390478767749e-05
26	23	0.218909768113231
26	22	0.0747572535645244
26	21	0.0789244933411862
26	37	0.0968972173711519
26	7	0.0534781313884011
26	10	0.176465804422332
26	27	0.353237049674433
26	30	0.0920183714582978
26	4	7.58289065189801e-05
26	18	0.127891515752479
26	32	0.0624333245104518
26	45	0.0750154922183082
26	15	0.249372123756763
26	42	0.168192101513238
26	33	0.0430948313255997
26	25	0.0265549574252295
26	1	0.0970648673352223
26	16	0.106532395749363
26	17	0.0445746908566668
26	2	0.108063638579621
26	14	0.182856443815881
26	47	4.2227723785078e-05
26	38	0.0848689994869112
26	5	0.417142842009373
26	26	
26	40	0.152588469083956
26	28	0.234144688197041
40	11	2.32267779200448e-06
40	53	0.106209898877264
40	12	0.050853185181822
40	50	0.078045878973379
40	52	0.063437552741914
40	34	0.157430426077142
40	48	0.0673933612881816
40	8	2.45945954538811e-06
40	29	0.0361474762108405
40	3	0.151179541469513
40	9	0.0595614127275665
40	13	0.185999555146974
40	54	0
40	36	0.242777377268109
40	20	0.0890332566548378
40	46	0.0716278777345332
40	6	0.00189372544376813
40	44	0.0922399120982625
40	43	0.000118665529068155
40	51	0.233082447301857
40	24	0.0949036403802234
40	31	0.0467107354690404
40	41	0.0725547994376098
40	35	0.470665547795189
40	19	0.0666678305800812
40	39	0.083302662412976
40	49	0.0747592966509551
40	23	0.0812994969936168
40	22	0.0554574472329073
40	21	0.0427903351208703
40	37	0.0721441763653904
40	7	0.123643562218322
40	10	0.0793686214245827
40	27	0.000503145292966464
40	30	0.0676513322943689
40	4	0.000175464528482453
40	18	0.0692052340083184
40	32	0.0721738693993769
40	45	0.000960037824293798
40	15	0
40	42	0.0536270615830425
40	33	0.0937191856892288
40	25	0.000156587274193844
40	1	0.106292689502668
40	16	0.0590321138899152
40	17	0.0486448736235372
40	2	0.0795990617900485
40	14	0.102421691061709
40	47	0.0583266002178826
40	38	0.196669449903672
40	5	0.103506117987558
40	26	0.152588469083956
40	40	
40	28	0.0475647380505014
28	11	0.0259800639781616
28	53	0.0121374033793052
28	12	0.0237152366849638
28	50	0.22913126748761
28	52	3.07833120419135e-05
28	34	0.0212350760753573
28	48	6.2350190650525e-05
28	8	0.234189979338572
28	29	0.000629634575396755
28	3	0.0203496974804452
28	9	0.313198165759068
28	13	0.261529352248504
28	54	0
28	36	6.34154905061389e-05
28	20	0.00953033972303279
28	46	0.0263603567896261
28	6	0.000104154104827743
28	44	0.23983704518392
28	43	0.0474820386574029
28	51	0.0223714018214993
28	24	0.0824767713992652
28	31	0.117048762538359
28	41	0.0604394965581012
28	35	0.0731825252016202
28	19	0.0179606947292616
28	39	0.037975325516176
28	49	2.42876727543379e-07
28	23	0.205075046628471
28	22	0.0636791965897766
28	21	0.157326278911551
28	37	0.0238805633299996
28	7	0.029740789560787
28	10	0.432219772762079
28	27	0.0551423362930925
28	30	0.0182366752638392
28	4	0.00660745532539862
28	18	0.201102660671624
28	32	0.0194819495466713
28	45	0.000285667160713113
28	15	0.320336474086687
28	42	0.198568763077023
28	33	0.0425495216969324
28	25	0.0155898648804702
28	1	6.85783493155508e-07
28	16	0.211081201268102
28	17	0.00488234369600773
28	2	0.20245545724878
28	14	0.273287807110642
28	47	0.0561751997723683
28	38	0.0696342440057635
28	5	0.0287220384058136
28	26	0.234144688197041
28	40	0.0475647380505014
28	28	
11	the trees are then transformed into penn treebank style constituencies using the technique described in . 
53	collins et al applied the parser of collins developed for english, to czech, and found thatthe performance wassubstantially lower when compared to the results for english. 
12	47 feature type id description form f the fully inflected word form as it appears in the data lemma l the morphologically reduced lemma mtag t a subset of the morphological tag as described in pos p major part-of-speech tag parsergov g true if candidate was proposed as governor by parser childcount c the number of children agreement a check for case/number agreement between word x and y table 2: description of the classes of features used in all models, we include features containing the form, the lemma, the morphological tag, and the parsergov feature. 
50	a non-projective example from the czech prague dependency treebank is also shown in figure 2. most previous dependency parsing models have focused on projective trees, including the work of eisner , collins et al , yamada and matsumoto , nivre and scholz , and mcdonald et al . 
52	collins 's parser and its reimplementation and extension by bikel have by now been applied to a variety of languages: english , czech , german , spanish , french , chinese and, according to dan bikel's web page, arabic. 
34	collins et al describe how the models in the current article were applied to parsing czech. 
48	to reduce sparseness, our features rely only on the reduced pos tag set from collins et al . 
8	although the results presented in used the reordering technique, we have experimented with his parser using the governorraising technique and observe an increase in dependency accuracy. 
29	the part-of-speech tagging used is the hmm tagging distributed with the treebank, with a tagging accuracy of 94.1%, and with the tagset compressed to 61 tags as in collins et al . 
3	so, collins et al proposed a tag classification for parsing the czech treebank. 
9	constituency parsing for dependency trees a pragmatic justification for using constituencybased parsers in order to predict dependency structures is that currently the best czech dependencytree parser is a constituency-based parser . 
13	collins explicitly added features to his parser to improve punctuation dependency parsing accuracy. 
54	described in . 
36	see appendix a of collins for a description of how the head rules treat phrases involving coordination. 
20	we compared our system to the bikel re-implementation of the collins parser trained with the same head rules of our system. 
46	we are grateful to yamada and matsumoto for letting us use their rule set, which is a slight modification of the rules used by collins . 
6	finally the placement of punctuation signs has a major impact on the performance of a parser . 
44	for the larger b set, our best parser achieves an f-measure of 96.9% , which can be compared with 97.0% for a similar set of labels in collins .6 
43	unlabeled attachment score : the proportion of words that are assigned the correct head . 
51	furthermore, we can also see that the mst parsers perform favorably compared to the more powerful lexicalized phrase-structure parsers, such as those presented by collins et al and zeman that use expensive o parsing algorithms. 
24	table 4: parsing accuracy for mcle and mbl models, attachment score per sentence if we compare the results concerning parsing accuracy to those obtained for other languages , we note that the best unlabeled attachment score is lower than for english, where the best results are above 90% , but higher than for czech . 
31	more specifically for pdt, collins et al relabel coordinated phrases after converting dependency structures to phrase structures, and zeman uses a kind of pattern matching, based on frequencies of the parts-of-speech of conjuncts and conjunctions. 
41	dependency-based representations have become increasingly popular in syntactic parsing, especially for languages that exhibit free or flexible word order, such as czech , bulgarian , and turkish . 
35	the appendices of collins give a precise description of the parsing algorithms, an analysis of their computational complexity, and also a description of the pruning methods that are employed. 
19	the best phrase-structure parsing models represent generatively the joint probability p of sentence x having the structure y . 
39	as a preprocessing step, the 14 in collins we erroneously stated that all words occuring less than five times in training data were classified as unknown. 
49	coll1999: the projective lexicalized phrase-structure parser of collins et al . 
23	it is also true of the adaptation of the collins parser for czech and the finite-state dependency parser for turkish by oflazer . 
22	although the best published results for the collins parser is 80% uas , this parser reaches 82% when trained on the entire training data set, and an adapted version of charniak's parser performs at 84% (jan hajic, pers. 
21	czech results for the czech data, we used the predefined training, development and testing split of the prague dependency treebank , and the automatically generated pos tags supplied with the data, which we reduce to the pos tag set from collins et al . 
37	we give a 1 much of this article is an edited version of chapters 7 and 8 of collins . 
7	we examine two state-of-the-art constituency-based parsers in this work: the collins czech parser and a version of the charniak parser that was modified to parse czech. 
10	statistical parsing models have been shown to be successful in recovering labeled constituencies and have also been shown to be adequate in recovering dependency relationships . 
27	however, since most previous studies instead use the mean attachment score per word , we will give this measure as well. 
30	this is well illustrated by the collins parser , scrutinized by bikel , where several transformations are applied in order to improve the analysis of noun phrases, coordination and punctuation. 
4	the usage of special knowledge bases to determine projections of categories would have presupposed language-dependent knowledge, so we investigated two other options: flat rules and binary rules. 
18	to create dependency structures from the penn treebank, we used the extraction rules of yamada and matsumoto , which are an approximation to the lexicalization rules of collins . 
32	dependency-based statistical language modeling and parsing have also become quite popular in statistical natural language processing . 
45	used for training and section 23 for testing . 
15	it is well known that dependency trees extracted from lexicalized phrase structure parsers typically are more accurate than those produced by pure dependency parsers . 
42	although none of the previous results on labeling accuracy is strictly comparable to ours, it nevertheless seems fair to conclude that the 6this f-measure is based on the recall and precision figures reported in figure 7.15 in collins . 
33	we find lexical heads in penn treebank data using the rules described in appendix a of collins . 
25	thus, the penn treebank of american english has been used to train and evaluate the best available parsers of unrestricted english text . 
1	collins used a lexicalized approach, schiehlen used the manually annotated phrasal categories of the treebank. 
16	the czech parser of collins et al was run on a different data set and most other dependency parsers are evaluated using english. 
17	in particular, we used the method of collins et al to simplify part-of-speech tags since the rich tags used by czech would have led to a large but rarely seen set of pos features. 
2	dependency fscore reached on the german negra treebank and collins et al 80.0% 
14	in an attempt to extend a constituency-based parsing model to train on dependency trees, collins transforms the pdt dependency trees into constituency trees . 
47	we should note that the results in collins et al are different then reported here due to different training and testing data sets. 
38	for discussion of additional related work, chapter 4 of collins attempts to give a comprehensive review of work on statistical parsing up to around 1998. 
5	another strategy that is often used in statistical parsing is markovization : treebanks 1punctuation {$( $ $, $.} 
26	more precisely, parsing accuracy is measured by the attachment score, which is a standard measure used in studies of dependency parsing . 
40	see collins for a full description of the parsing algorithms. 
28	unlike most previous work on data-driven dependency parsing , we assume that dependency graphs are labeled with dependency types, although the evaluation will give results for both labeled and unlabeled representations. 
